0.0000	4748.7064	992874.8858	24.5900	0.0000	0.0000	0.0000	0.0000	35.1756	NaN	-0.0000	0.0179
Model:    1. MACH/HBL Invitro 6Turn
Number of Channel:  2
Cbank:  50nF
Cx1:  2.2nF
PicoScope V range:   1.0000
Parameters of Sample:   RCL1_no4
Concentration (mg/ml):   5.2300
Volumn (ml):   0.5000
Experiment Date:	11/23/2017	8:11 PM	Recording Period (ms): 1000.0000
Time	H	Frequency	T1	T2	T3	IpSupply	VpSupply	Current	SAR	sd SAR	L
0.0000	4748.5657	992874.8224	24.5700	0.0000	0.0000	0.0000	0.0000	35.1746	NaN	-0.0000	0.0179
0.0000	4747.9694	992875.3745	24.4500	0.0000	0.0000	0.0000	0.0000	35.1701	NaN	-0.0000	0.0179
0.0000	4747.3732	992874.9474	24.5300	0.0000	0.0000	0.0000	0.0000	35.1657	NaN	-0.0000	0.0179
0.0000	4746.6900	992874.4398	24.4600	0.0000	0.0000	0.0000	0.0000	35.1607	NaN	-0.0000	0.0179
0.0000	4745.1290	992874.7931	24.4600	0.0000	0.0000	0.0000	0.0000	35.1491	NaN	-0.0000	0.0179
0.0000	4745.0420	992875.3559	24.5500	0.0000	0.0000	0.0000	0.0000	35.1485	NaN	-0.0000	0.0179
0.0000	4746.0068	992874.1619	24.5600	0.0000	0.0000	0.0000	0.0000	35.1556	NaN	-0.0000	0.0179
0.0000	4746.3215	992874.9452	24.5000	0.0000	0.0000	0.0000	0.0000	35.1579	NaN	-0.0000	0.0179
0.0000	4749.3027	992874.4470	24.2300	0.0000	0.0000	0.0000	0.0000	35.1800	NaN	-0.0000	0.0179
0.0000	4750.1804	992874.2876	23.6900	0.0000	0.0000	0.0000	0.0000	35.1865	NaN	-0.0000	0.0179
0.0000	4749.4434	992874.1813	23.6400	0.0000	0.0000	0.0000	0.0000	35.1811	NaN	-0.0000	0.0179
0.0000	4743.0794	992869.7241	23.7100	0.0000	0.0000	0.0000	0.0000	35.1339	NaN	-0.0000	0.0179
0.0000	4626.7914	992535.0537	23.8100	0.0000	0.0000	0.0000	0.0000	34.2725	NaN	-0.0000	0.0179
0.0000	4622.7253	992525.2293	23.6800	0.0000	0.0000	0.0000	0.0000	34.2424	NaN	-0.0000	0.0179
0.0000	4623.3215	992525.2286	23.7700	0.0000	0.0000	0.0000	0.0000	34.2468	NaN	-0.0000	0.0179
0.0000	4619.2017	992525.6312	23.7700	0.0000	0.0000	0.0000	0.0000	34.2163	NaN	-0.0000	0.0179
0.0000	4620.8496	992525.1568	23.7700	0.0000	0.0000	0.0000	0.0000	34.2285	NaN	-0.0000	0.0179
0.0000	4623.0068	992524.8869	23.9000	0.0000	0.0000	0.0000	0.0000	34.2445	NaN	-0.0000	0.0179
0.0000	4621.5328	992524.4527	23.7600	0.0000	0.0000	0.0000	0.0000	34.2336	NaN	-0.0000	0.0179
0.0000	4619.7441	992525.0217	23.7800	0.0000	0.0000	0.0000	0.0000	34.2203	NaN	-0.0000	0.0179
0.0000	4622.7791	992524.7093	23.7900	0.0000	0.0000	0.0000	0.0000	34.2428	NaN	-0.0000	0.0179
0.0000	4618.8332	992524.6854	23.7600	0.0000	0.0000	0.0000	0.0000	34.2136	NaN	-0.0000	0.0179
0.0000	4620.1126	992524.8711	23.7000	0.0000	0.0000	0.0000	0.0000	34.2231	NaN	-0.0000	0.0179
0.0000	4620.9904	992524.4935	23.7700	0.0000	0.0000	0.0000	0.0000	34.2296	NaN	-0.0000	0.0179
0.0000	4618.6054	992524.3942	24.0300	0.0000	0.0000	0.0000	0.0000	34.2119	NaN	-0.0000	0.0179
0.0000	4619.4294	992523.6878	24.4300	0.0000	0.0000	0.0000	0.0000	34.2180	NaN	-0.0000	0.0179
0.0000	4620.1664	992524.0913	24.9400	0.0000	0.0000	0.0000	0.0000	34.2235	NaN	-0.0000	0.0179
0.0000	4620.3941	992523.3476	25.4400	0.0000	0.0000	0.0000	0.0000	34.2251	NaN	-0.0000	0.0179
0.0000	4618.8332	992523.5537	25.7200	0.0000	0.0000	0.0000	0.0000	34.2136	NaN	-0.0000	0.0179
0.0000	4619.6571	992523.5429	26.2300	0.0000	0.0000	0.0000	0.0000	34.2197	NaN	-0.0000	0.0179
0.0000	4620.9904	992522.9161	26.6200	0.0000	0.0000	0.0000	0.0000	34.2296	NaN	-0.0000	0.0179
0.0000	4618.8332	992523.4179	26.9400	0.0000	0.0000	0.0000	0.0000	34.2136	NaN	-0.0000	0.0179
0.0000	4617.4667	992523.6227	27.3000	0.0000	0.0000	0.0000	0.0000	34.2035	NaN	-0.0000	0.0179
0.0000	4620.3941	992523.4605	27.4300	0.0000	0.0000	0.0000	0.0000	34.2251	NaN	-0.0000	0.0179
0.0000	4619.7109	992523.4425	27.5200	0.0000	0.0000	0.0000	0.0000	34.2201	NaN	-0.0000	0.0179
0.0000	4619.9386	992523.3401	27.6900	0.0000	0.0000	0.0000	0.0000	34.2218	NaN	-0.0000	0.0179
0.0000	4619.7979	992523.1555	27.9700	0.0000	0.0000	0.0000	0.0000	34.2207	NaN	-0.0000	0.0179
0.0000	4619.7109	992523.0525	28.0000	0.0000	0.0000	0.0000	0.0000	34.2201	NaN	-0.0000	0.0179
0.0000	4618.3239	992523.2159	28.1000	0.0000	0.0000	0.0000	0.0000	34.2098	NaN	-0.0000	0.0179
0.0000	4619.5702	992522.7875	28.3100	0.0000	0.0000	0.0000	0.0000	34.2190	NaN	-0.0000	0.0179
0.0000	4619.1479	992522.9251	28.3400	0.0000	0.0000	0.0000	0.0000	34.2159	NaN	-0.0000	0.0179
0.0000	4620.5681	992522.1858	28.5000	0.0000	0.0000	0.0000	0.0000	34.2264	NaN	-0.0000	0.0179
0.0000	4617.8352	992522.0672	28.5800	0.0000	0.0000	0.0000	0.0000	34.2062	NaN	-0.0000	0.0179
0.0000	4615.3965	992522.6524	28.5500	0.0000	0.0000	0.0000	0.0000	34.1881	NaN	-0.0000	0.0179
0.0000	4616.3612	992522.6290	28.7900	0.0000	0.0000	0.0000	0.0000	34.1953	NaN	-0.0000	0.0179
0.0000	4617.5537	992521.7396	28.9400	0.0000	0.0000	0.0000	0.0000	34.2041	NaN	-0.0000	0.0179
0.0000	4620.1664	992521.7083	29.0700	0.0000	0.0000	0.0000	0.0000	34.2186	NaN	-0.0000	0.0179
0.0000	4620.5349	992521.1931	29.2300	0.0000	0.0000	0.0000	0.0000	34.2262	NaN	-0.0000	0.0179
0.0000	4617.4130	992522.1290	29.3700	0.0000	0.0000	0.0000	0.0000	34.2031	NaN	-0.0000	0.0179
0.0000	4617.3260	992522.2564	29.3600	0.0000	0.0000	0.0000	0.0000	34.2024	NaN	-0.0000	0.0179
0.0000	4617.1852	992521.1261	29.4000	0.0000	0.0000	0.0000	0.0000	34.2014	NaN	-0.0000	0.0179
0.0000	4618.0092	992521.5320	29.6600	0.0000	0.0000	0.0000	0.0000	34.2075	NaN	-0.0000	0.0179
0.0000	4619.2017	992521.6737	29.8700	0.0000	0.0000	0.0000	0.0000	34.2163	NaN	-0.0000	0.0179
0.0000	4618.1499	992520.9917	29.8000	0.0000	0.0000	0.0000	0.0000	34.2085	NaN	-0.0000	0.0179
0.0000	4617.2722	992521.1759	29.8900	0.0000	0.0000	0.0000	0.0000	34.2020	NaN	-0.0000	0.0179
0.0000	4616.5890	992521.9966	30.0600	0.0000	0.0000	0.0000	0.0000	34.1970	NaN	-0.0000	0.0179
0.0000	4617.6407	992521.2841	30.1900	0.0000	0.0000	0.0000	0.0000	34.2047	NaN	-0.0000	0.0179
0.0000	4618.4647	992521.6015	30.3600	0.0000	0.0000	0.0000	0.0000	34.2108	NaN	-0.0000	0.0179
0.0000	4621.0774	992520.6702	30.4600	0.0000	0.0000	0.0000	0.0000	34.2302	NaN	-0.0000	0.0179
0.0000	4616.8705	992520.2452	30.5100	0.0000	0.0000	0.0000	0.0000	34.1990	NaN	-0.0000	0.0179
0.0000	4616.9575	992521.3994	30.6500	0.0000	0.0000	0.0000	0.0000	34.1997	NaN	-0.0000	0.0179
0.0000	4618.3777	992520.6460	30.7600	0.0000	0.0000	0.0000	0.0000	34.2102	NaN	-0.0000	0.0179
0.0000	4615.0818	992520.7604	30.7900	0.0000	0.0000	0.0000	0.0000	34.1858	NaN	-0.0000	0.0179
0.0000	4615.0818	992520.7604	30.8400	0.0000	0.0000	0.0000	0.0000	34.1858	NaN	-0.0000	0.0179
0.0000	4619.2017	992521.5512	31.0400	0.0000	0.0000	0.0000	0.0000	34.2163	NaN	-0.0000	0.0179
0.0000	4618.8332	992521.7352	31.1200	0.0000	0.0000	0.0000	0.0000	34.2136	NaN	-0.0000	0.0179
0.0000	4616.1335	992521.2991	31.1400	0.0000	0.0000	0.0000	0.0000	34.1936	NaN	-0.0000	0.0179
0.0000	4618.1499	992521.7889	31.2500	0.0000	0.0000	0.0000	0.0000	34.2085	NaN	-0.0000	0.0179
0.0000	4615.5373	992520.9225	31.3300	0.0000	0.0000	0.0000	0.0000	34.1892	NaN	-0.0000	0.0179
0.0000	4617.7815	992520.3063	31.4100	0.0000	0.0000	0.0000	0.0000	34.2058	NaN	-0.0000	0.0179
0.0000	4618.8869	992520.2652	31.5100	0.0000	0.0000	0.0000	0.0000	34.2140	NaN	-0.0000	0.0179
0.0000	4615.9058	992519.8730	31.6700	0.0000	0.0000	0.0000	0.0000	34.1919	NaN	-0.0000	0.0179
0.0000	4616.3612	992520.7294	31.8700	0.0000	0.0000	0.0000	0.0000	34.1953	NaN	-0.0000	0.0179
0.0000	4617.9222	992520.6627	31.8900	0.0000	0.0000	0.0000	0.0000	34.2068	NaN	-0.0000	0.0179
0.0000	4616.5020	992520.0639	31.9100	0.0000	0.0000	0.0000	0.0000	34.1963	NaN	-0.0000	0.0179
0.0000	4616.5890	992520.1894	31.9500	0.0000	0.0000	0.0000	0.0000	34.1970	NaN	-0.0000	0.0179
0.0000	4617.8352	992519.1174	32.0900	0.0000	0.0000	0.0000	0.0000	34.2062	NaN	-0.0000	0.0179
0.0000	4616.7297	992519.6352	32.3100	0.0000	0.0000	0.0000	0.0000	34.1980	NaN	-0.0000	0.0179
0.0000	4615.1688	992520.3856	32.3600	0.0000	0.0000	0.0000	0.0000	34.1864	NaN	-0.0000	0.0179
0.0000	4615.1688	992520.3856	32.4400	0.0000	0.0000	0.0000	0.0000	34.1864	NaN	-0.0000	0.0179
0.0000	4614.6263	992520.5471	32.5300	0.0000	0.0000	0.0000	0.0000	34.1824	NaN	-0.0000	0.0179
0.0000	4614.6263	992520.5471	32.5400	0.0000	0.0000	0.0000	0.0000	34.1824	NaN	-0.0000	0.0179
0.0000	4614.7133	992520.4129	32.5200	0.0000	0.0000	0.0000	0.0000	34.1831	NaN	-0.0000	0.0179
0.0000	4614.7133	992520.4129	32.5600	0.0000	0.0000	0.0000	0.0000	34.1831	NaN	-0.0000	0.0179
0.0000	4615.6780	992519.3714	32.8900	0.0000	0.0000	0.0000	0.0000	34.1902	NaN	-0.0000	0.0179
0.0000	4614.4318	992519.5890	33.0000	0.0000	0.0000	0.0000	0.0000	34.1810	NaN	-0.0000	0.0179
0.0000	4617.0112	992518.8456	33.0700	0.0000	0.0000	0.0000	0.0000	34.2001	NaN	-0.0000	0.0179
0.0000	4615.0818	992518.9689	33.1900	0.0000	0.0000	0.0000	0.0000	34.1858	NaN	-0.0000	0.0179
0.0000	4619.1147	992518.8365	33.2100	0.0000	0.0000	0.0000	0.0000	34.2157	NaN	-0.0000	0.0179
0.0000	4615.6780	992519.2855	33.3600	0.0000	0.0000	0.0000	0.0000	34.1902	NaN	-0.0000	0.0179
0.0000	4615.2225	992519.2036	33.4100	0.0000	0.0000	0.0000	0.0000	34.1868	NaN	-0.0000	0.0179
0.0000	4617.7815	992519.4324	33.4700	0.0000	0.0000	0.0000	0.0000	34.2058	NaN	-0.0000	0.0179
0.0000	4616.1335	992518.1832	33.7500	0.0000	0.0000	0.0000	0.0000	34.1936	NaN	-0.0000	0.0179
0.0000	4614.8540	992519.0826	33.8300	0.0000	0.0000	0.0000	0.0000	34.1841	NaN	-0.0000	0.0179
0.0000	4618.5184	992518.2255	33.8900	0.0000	0.0000	0.0000	0.0000	34.2112	NaN	-0.0000	0.0179
0.0000	4616.2743	992518.3835	34.0100	0.0000	0.0000	0.0000	0.0000	34.1946	NaN	-0.0000	0.0179
0.0000	4614.4318	992518.7062	34.0400	0.0000	0.0000	0.0000	0.0000	34.1810	NaN	-0.0000	0.0179
0.0000	4618.3777	992518.3971	34.1500	0.0000	0.0000	0.0000	0.0000	34.2102	NaN	-0.0000	0.0179
0.0000	4618.5184	992518.9071	34.2100	0.0000	0.0000	0.0000	0.0000	34.2112	NaN	-0.0000	0.0179
0.0000	4617.1852	992519.1747	34.2000	0.0000	0.0000	0.0000	0.0000	34.2014	NaN	-0.0000	0.0179
0.0000	4617.5537	992519.6156	34.3000	0.0000	0.0000	0.0000	0.0000	34.2041	NaN	-0.0000	0.0179
0.0000	4614.7133	992519.0211	34.4600	0.0000	0.0000	0.0000	0.0000	34.1831	NaN	-0.0000	0.0179
0.0000	4615.6780	992519.4126	34.5500	0.0000	0.0000	0.0000	0.0000	34.1902	NaN	-0.0000	0.0179
0.0000	4616.0465	992519.6731	34.5600	0.0000	0.0000	0.0000	0.0000	34.1929	NaN	-0.0000	0.0179
0.0000	4617.6945	992519.0014	34.5600	0.0000	0.0000	0.0000	0.0000	34.2051	NaN	-0.0000	0.0179
0.0000	4615.0818	992518.9082	34.7000	0.0000	0.0000	0.0000	0.0000	34.1953	NaN	-0.0000	0.0179
0.0000	4613.8893	992519.7952	34.7600	0.0000	0.0000	0.0000	0.0000	34.1770	NaN	-0.0000	0.0179
0.0000	4617.6945	992519.1842	34.7800	0.0000	0.0000	0.0000	0.0000	34.2051	NaN	-0.0000	0.0179
0.0000	4616.2743	992519.7303	34.9300	0.0000	0.0000	0.0000	0.0000	34.1946	NaN	-0.0000	0.0179
0.0000	4614.4856	992519.7420	35.0900	0.0000	0.0000	0.0000	0.0000	34.1814	NaN	-0.0000	0.0179
0.0000	4616.1335	992518.7398	35.1300	0.0000	0.0000	0.0000	0.0000	34.1936	NaN	-0.0000	0.0179
0.0000	4617.4667	992519.3562	35.2000	0.0000	0.0000	0.0000	0.0000	34.2035	NaN	-0.0000	0.0179
0.0000	4616.1335	992519.4638	35.2100	0.0000	0.0000	0.0000	0.0000	34.1936	NaN	-0.0000	0.0179
0.0000	4615.3095	992519.5400	35.3600	0.0000	0.0000	0.0000	0.0000	34.1875	NaN	-0.0000	0.0179
0.0000	4617.0982	992519.4261	35.4600	0.0000	0.0000	0.0000	0.0000	34.2007	NaN	-0.0000	0.0179
0.0000	4615.3965	992519.1979	35.5300	0.0000	0.0000	0.0000	0.0000	34.1881	NaN	-0.0000	0.0179
0.0000	4614.7133	992518.7253	35.6100	0.0000	0.0000	0.0000	0.0000	34.1831	NaN	-0.0000	0.0179
0.0000	4614.4856	992518.6187	35.7400	0.0000	0.0000	0.0000	0.0000	34.1814	NaN	-0.0000	0.0179
0.0000	4617.0982	992518.8712	35.8800	0.0000	0.0000	0.0000	0.0000	34.2007	NaN	-0.0000	0.0179
0.0000	4615.5373	992519.1383	35.9000	0.0000	0.0000	0.0000	0.0000	34.1892	NaN	-0.0000	0.0179
0.0000	4615.6780	992519.3843	35.8800	0.0000	0.0000	0.0000	0.0000	34.1902	NaN	-0.0000	0.0179
0.0000	4617.0112	992518.9693	35.9700	0.0000	0.0000	0.0000	0.0000	34.2001	NaN	-0.0000	0.0179
0.0000	4617.0112	992518.9693	35.9500	0.0000	0.0000	0.0000	0.0000	34.2001	NaN	-0.0000	0.0179
0.0000	4615.2558	992519.0068	36.0500	0.0000	0.0000	0.0000	0.0000	34.1871	NaN	-0.0000	0.0179
0.0000	4615.5373	992519.7199	36.2200	0.0000	0.0000	0.0000	0.0000	34.1892	NaN	-0.0000	0.0179
0.0000	4615.4503	992519.3501	36.3100	0.0000	0.0000	0.0000	0.0000	34.1885	NaN	-0.0000	0.0179
0.0000	4616.4482	992519.2831	36.3900	0.0000	0.0000	0.0000	0.0000	34.1959	NaN	-0.0000	0.0179
0.0000	4617.6945	992518.9639	36.3600	0.0000	0.0000	0.0000	0.0000	34.2051	NaN	-0.0000	0.0179
0.0000	4618.5722	992519.1815	36.4300	0.0000	0.0000	0.0000	0.0000	34.2116	NaN	-0.0000	0.0179
0.0000	4616.0465	992519.1871	36.5200	0.0000	0.0000	0.0000	0.0000	34.1929	NaN	-0.0000	0.0179
0.0000	4617.9222	992518.4907	36.6300	0.0000	0.0000	0.0000	0.0000	34.2068	NaN	-0.0000	0.0179
0.0000	4614.5725	992519.1073	36.6900	0.0000	0.0000	0.0000	0.0000	34.1820	NaN	-0.0000	0.0179
0.0000	4614.2041	992518.1913	36.7100	0.0000	0.0000	0.0000	0.0000	34.1793	NaN	-0.0000	0.0179
0.0000	4614.5725	992518.6677	36.7600	0.0000	0.0000	0.0000	0.0000	34.1820	NaN	-0.0000	0.0179
0.0000	4616.0465	992519.0964	36.8000	0.0000	0.0000	0.0000	0.0000	34.1929	NaN	-0.0000	0.0179
0.0000	4617.0982	992518.3325	36.9400	0.0000	0.0000	0.0000	0.0000	34.2007	NaN	-0.0000	0.0179
0.0000	4614.6263	992518.9212	36.9700	0.0000	0.0000	0.0000	0.0000	34.1824	NaN	-0.0000	0.0179
0.0000	4614.3448	992518.5705	37.0600	0.0000	0.0000	0.0000	0.0000	34.1803	NaN	-0.0000	0.0179
0.0000	4615.9058	992518.1509	37.2000	0.0000	0.0000	0.0000	0.0000	34.1919	NaN	-0.0000	0.0179
0.0000	4614.4856	992518.3921	37.2400	0.0000	0.0000	0.0000	0.0000	34.1814	NaN	-0.0000	0.0179
0.0000	4614.4856	992518.3921	37.2500	0.0000	0.0000	0.0000	0.0000	34.1814	NaN	-0.0000	0.0179
0.0000	4614.4856	992518.3921	37.2700	0.0000	0.0000	0.0000	0.0000	34.1814	NaN	-0.0000	0.0179
0.0000	4613.6616	992518.8872	37.3700	0.0000	0.0000	0.0000	0.0000	34.1753	NaN	-0.0000	0.0179
0.0000	4613.6616	992518.8872	37.4000	0.0000	0.0000	0.0000	0.0000	34.1753	NaN	-0.0000	0.0179
0.0000	4617.1852	992517.6709	37.5000	0.0000	0.0000	0.0000	0.0000	34.2014	NaN	-0.0000	0.0179
0.0000	4614.3448	992518.1309	37.5700	0.0000	0.0000	0.0000	0.0000	34.1803	NaN	-0.0000	0.0179
0.0000	4614.8540	992518.4922	37.6600	0.0000	0.0000	0.0000	0.0000	34.1841	NaN	-0.0000	0.0179
0.0000	4615.8188	992518.2955	37.7200	0.0000	0.0000	0.0000	0.0000	34.1913	NaN	-0.0000	0.0179
0.0000	4616.2743	992518.1187	37.7800	0.0000	0.0000	0.0000	0.0000	34.1946	NaN	-0.0000	0.0179
0.0000	4614.8540	992518.0162	37.9500	0.0000	0.0000	0.0000	0.0000	34.1841	NaN	-0.0000	0.0179
0.0000	4614.4856	992518.5373	38.0200	0.0000	0.0000	0.0000	0.0000	34.1814	NaN	-0.0000	0.0179
0.0000	4613.8893	992518.0110	37.9800	0.0000	0.0000	0.0000	0.0000	34.1770	NaN	-0.0000	0.0179
0.0000	4613.0653	992518.1292	38.0200	0.0000	0.0000	0.0000	0.0000	34.1709	NaN	-0.0000	0.0179
0.0000	4615.2225	992517.6456	38.2200	0.0000	0.0000	0.0000	0.0000	34.1868	NaN	-0.0000	0.0179
0.0000	4614.0301	992517.7284	38.3200	0.0000	0.0000	0.0000	0.0000	34.1780	NaN	-0.0000	0.0179
0.0000	4614.4856	992517.4808	38.3500	0.0000	0.0000	0.0000	0.0000	34.1814	NaN	-0.0000	0.0179
0.0000	4616.2743	992516.9956	38.4000	0.0000	0.0000	0.0000	0.0000	34.1946	NaN	-0.0000	0.0179
0.0000	4614.6263	992517.4488	38.4000	0.0000	0.0000	0.0000	0.0000	34.1824	NaN	-0.0000	0.0179
0.0000	4615.4503	992516.4326	38.5200	0.0000	0.0000	0.0000	0.0000	34.1885	NaN	-0.0000	0.0179
0.0000	4612.9784	992516.7555	38.6100	0.0000	0.0000	0.0000	0.0000	34.1702	NaN	-0.0000	0.0179
0.0000	4612.9246	992517.0171	38.6200	0.0000	0.0000	0.0000	0.0000	34.1698	NaN	-0.0000	0.0179
0.0000	4615.2225	992515.8648	38.6500	0.0000	0.0000	0.0000	0.0000	34.1868	NaN	-0.0000	0.0179
0.0000	4613.5208	992516.7453	38.6400	0.0000	0.0000	0.0000	0.0000	34.1742	NaN	-0.0000	0.0179
0.0000	4613.4338	992517.0271	38.6900	0.0000	0.0000	0.0000	0.0000	34.1736	NaN	-0.0000	0.0179
0.0000	4618.1499	992516.2632	38.8300	0.0000	0.0000	0.0000	0.0000	34.2085	NaN	-0.0000	0.0179
0.0000	4614.3116	992516.6991	38.9200	0.0000	0.0000	0.0000	0.0000	34.1801	NaN	-0.0000	0.0179
0.0000	4614.0301	992516.6982	38.9500	0.0000	0.0000	0.0000	0.0000	34.1780	NaN	-0.0000	0.0179
0.0000	4613.8893	992516.5731	39.0000	0.0000	0.0000	0.0000	0.0000	34.1770	NaN	-0.0000	0.0179
0.0000	4615.4503	992516.4189	39.0800	0.0000	0.0000	0.0000	0.0000	34.1885	NaN	-0.0000	0.0179
0.0000	4615.0818	992516.1843	39.0900	0.0000	0.0000	0.0000	0.0000	34.1858	NaN	-0.0000	0.0179
0.0000	4616.1335	992516.4388	39.1100	0.0000	0.0000	0.0000	0.0000	34.1936	NaN	-0.0000	0.0179
0.0000	4615.3965	992516.3346	39.2200	0.0000	0.0000	0.0000	0.0000	34.1881	NaN	-0.0000	0.0179
0.0000	4614.3448	992516.3642	39.2600	0.0000	0.0000	0.0000	0.0000	34.1803	NaN	-0.0000	0.0179
0.0000	4615.0818	992517.1043	39.3400	0.0000	0.0000	0.0000	0.0000	34.1858	NaN	-0.0000	0.0179
0.0000	4617.0982	992516.6844	39.4200	0.0000	0.0000	0.0000	0.0000	34.2007	NaN	-0.0000	0.0179
0.0000	4613.6078	992517.1144	39.5500	0.0000	0.0000	0.0000	0.0000	34.1749	NaN	-0.0000	0.0179
0.0000	4614.1708	992517.2330	39.5500	0.0000	0.0000	0.0000	0.0000	34.1790	NaN	-0.0000	0.0179
0.0000	4614.8540	992516.8069	39.6600	0.0000	0.0000	0.0000	0.0000	34.1841	NaN	-0.0000	0.0179
0.0000	4616.5020	992516.6640	39.7200	0.0000	0.0000	0.0000	0.0000	34.1963	NaN	-0.0000	0.0179
0.0000	4615.3095	992517.1254	39.8500	0.0000	0.0000	0.0000	0.0000	34.1875	NaN	-0.0000	0.0179
0.0000	4613.4338	992517.2704	39.9000	0.0000	0.0000	0.0000	0.0000	34.1736	NaN	-0.0000	0.0179
0.0000	4613.3468	992516.2446	39.8900	0.0000	0.0000	0.0000	0.0000	34.1729	NaN	-0.0000	0.0179
0.0000	4612.6969	992516.0444	39.9600	0.0000	0.0000	0.0000	0.0000	34.1681	NaN	-0.0000	0.0179
0.0000	4612.7506	992516.1399	40.0800	0.0000	0.0000	0.0000	0.0000	34.1685	NaN	-0.0000	0.0179
0.0000	4614.8003	992516.2972	40.1200	0.0000	0.0000	0.0000	0.0000	34.1837	NaN	-0.0000	0.0179
0.0000	4612.3821	992516.3251	40.0400	0.0000	0.0000	0.0000	0.0000	34.1658	NaN	-0.0000	0.0179
0.0000	4613.3801	992516.1052	40.0500	0.0000	0.0000	0.0000	0.0000	34.1732	NaN	-0.0000	0.0179
0.0000	4614.2578	992516.6175	40.1700	0.0000	0.0000	0.0000	0.0000	34.1797	NaN	-0.0000	0.0179
0.0000	4613.5208	992515.7095	40.2300	0.0000	0.0000	0.0000	0.0000	34.1742	NaN	-0.0000	0.0179
0.0000	4614.2578	992516.2484	40.2800	0.0000	0.0000	0.0000	0.0000	34.1797	NaN	-0.0000	0.0179
0.0000	4614.3116	992515.5803	40.3600	0.0000	0.0000	0.0000	0.0000	34.1801	NaN	-0.0000	0.0179
0.0000	4614.9948	992515.9852	40.4300	0.0000	0.0000	0.0000	0.0000	34.1851	NaN	-0.0000	0.0179
0.0000	4612.2414	992516.5845	40.4500	0.0000	0.0000	0.0000	0.0000	34.1648	NaN	-0.0000	0.0179
0.0000	4612.8376	992515.6964	40.4900	0.0000	0.0000	0.0000	0.0000	34.1692	NaN	-0.0000	0.0179
0.0000	4612.7838	992515.4173	40.5500	0.0000	0.0000	0.0000	0.0000	34.1688	NaN	-0.0000	0.0179
0.0000	4613.5746	992515.8821	40.5700	0.0000	0.0000	0.0000	0.0000	34.1702	NaN	-0.0000	0.0179
0.0000	4614.5393	992515.9535	40.6100	0.0000	0.0000	0.0000	0.0000	34.1818	NaN	-0.0000	0.0179
0.0000	4613.4338	992515.8868	40.6200	0.0000	0.0000	0.0000	0.0000	34.1736	NaN	-0.0000	0.0179
0.0000	4615.8188	992514.7949	40.6900	0.0000	0.0000	0.0000	0.0000	34.1913	NaN	-0.0000	0.0179
0.0000	4615.0818	992515.0278	40.7600	0.0000	0.0000	0.0000	0.0000	34.1858	NaN	-0.0000	0.0179
0.0000	4616.4150	992514.8164	40.8500	0.0000	0.0000	0.0000	0.0000	34.1957	NaN	-0.0000	0.0179
0.0000	4615.3095	992515.1879	40.9500	0.0000	0.0000	0.0000	0.0000	34.1875	NaN	-0.0000	0.0179
0.0000	4615.5910	992515.1806	40.9700	0.0000	0.0000	0.0000	0.0000	34.1896	NaN	-0.0000	0.0179
0.0000	4612.8376	992515.1728	40.9600	0.0000	0.0000	0.0000	0.0000	34.1692	NaN	-0.0000	0.0179
0.0000	4613.8893	992515.2758	41.0400	0.0000	0.0000	0.0000	0.0000	34.1770	NaN	-0.0000	0.0179
0.0000	4612.8376	992515.9560	41.1300	0.0000	0.0000	0.0000	0.0000	34.1692	NaN	-0.0000	0.0179
0.0000	4613.5208	992515.5097	41.1400	0.0000	0.0000	0.0000	0.0000	34.1742	NaN	-0.0000	0.0179
0.0000	4614.1708	992514.7719	41.2500	0.0000	0.0000	0.0000	0.0000	34.1790	NaN	-0.0000	0.0179
0.0000	4616.1873	992515.4911	41.3400	0.0000	0.0000	0.0000	0.0000	34.1940	NaN	-0.0000	0.0179
0.0000	4615.8188	992515.6539	41.4500	0.0000	0.0000	0.0000	0.0000	34.1946	NaN	-0.0000	0.0179
0.0000	4613.6616	992515.6653	41.6100	0.0000	0.0000	0.0000	0.0000	34.1753	NaN	-0.0000	0.0179
0.0000	4614.7671	992515.3550	41.5300	0.0000	0.0000	0.0000	0.0000	34.1835	NaN	-0.0000	0.0179
0.0000	4614.9948	992515.6429	41.4900	0.0000	0.0000	0.0000	0.0000	34.1851	NaN	-0.0000	0.0179
0.0000	4615.6780	992515.8020	41.5700	0.0000	0.0000	0.0000	0.0000	34.1902	NaN	-0.0000	0.0179
0.0000	4612.8376	992516.5074	41.6500	0.0000	0.0000	0.0000	0.0000	34.1692	NaN	-0.0000	0.0179
0.0000	4615.0818	992516.3106	41.7300	0.0000	0.0000	0.0000	0.0000	34.1858	NaN	-0.0000	0.0179
0.0000	4612.4691	992516.3316	41.7700	0.0000	0.0000	0.0000	0.0000	34.1664	NaN	-0.0000	0.0179
0.0000	4613.4338	992516.0802	41.8700	0.0000	0.0000	0.0000	0.0000	34.1736	NaN	-0.0000	0.0179
0.0000	4614.2578	992515.8836	41.9000	0.0000	0.0000	0.0000	0.0000	34.1797	NaN	-0.0000	0.0179
0.0000	4614.2578	992515.8836	41.8400	0.0000	0.0000	0.0000	0.0000	34.1797	NaN	-0.0000	0.0179
0.0000	4614.4318	992516.3927	41.9300	0.0000	0.0000	0.0000	0.0000	34.1810	NaN	-0.0000	0.0179
0.0000	4615.8188	992516.3263	41.9400	0.0000	0.0000	0.0000	0.0000	34.1913	NaN	-0.0000	0.0179
0.0000	4615.8188	992516.3263	42.0300	0.0000	0.0000	0.0000	0.0000	34.1913	NaN	-0.0000	0.0179
0.0000	4615.7318	992516.3024	42.0500	0.0000	0.0000	0.0000	0.0000	34.1906	NaN	-0.0000	0.0179
0.0000	4615.7318	992516.3024	42.0100	0.0000	0.0000	0.0000	0.0000	34.1906	NaN	-0.0000	0.0179
0.0000	4615.7318	992516.3024	42.0900	0.0000	0.0000	0.0000	0.0000	34.1906	NaN	-0.0000	0.0179
0.0000	4613.1523	992516.3796	42.1100	0.0000	0.0000	0.0000	0.0000	34.1715	NaN	-0.0000	0.0179
0.0000	4613.1523	992516.3796	42.1100	0.0000	0.0000	0.0000	0.0000	34.1715	NaN	-0.0000	0.0179
0.0000	4613.1523	992516.3796	42.1100	0.0000	0.0000	0.0000	0.0000	34.1715	NaN	-0.0000	0.0179
0.0000	4613.5746	992516.2505	42.2000	0.0000	0.0000	0.0000	0.0000	34.1746	NaN	-0.0000	0.0179
0.0000	4614.6263	992515.9867	42.2000	0.0000	0.0000	0.0000	0.0000	34.1824	NaN	-0.0000	0.0179
0.0000	4614.6263	992515.9867	42.1900	0.0000	0.0000	0.0000	0.0000	34.1824	NaN	-0.0000	0.0179
0.0000	4614.6263	992515.9867	42.2400	0.0000	0.0000	0.0000	0.0000	34.1824	NaN	-0.0000	0.0179
0.0000	4613.8023	992515.6366	42.3100	0.0000	0.0000	0.0000	0.0000	34.1763	NaN	-0.0000	0.0179
0.0000	4613.8023	992515.6366	42.2700	0.0000	0.0000	0.0000	0.0000	34.1763	NaN	-0.0000	0.0179
0.0000	4612.9246	992515.3276	42.4300	0.0000	0.0000	0.0000	0.0000	34.1698	NaN	-0.0000	0.0179
0.0000	4613.8893	992515.1006	42.5700	0.0000	0.0000	0.0000	0.0000	34.1770	NaN	-0.0000	0.0179
0.0000	4613.8893	992515.1006	42.6400	0.0000	0.0000	0.0000	0.0000	34.1770	NaN	-0.0000	0.0179
0.0000	4613.8893	992515.1006	42.6400	0.0000	0.0000	0.0000	0.0000	34.1770	NaN	-0.0000	0.0179
0.0000	4613.8893	992515.1006	42.6500	0.0000	0.0000	0.0000	0.0000	34.1770	NaN	-0.0000	0.0179
0.0000	4614.9078	992515.1632	42.6900	0.0000	0.0000	0.0000	0.0000	34.1845	NaN	-0.0000	0.0179
0.0000	4614.9078	992515.1632	42.6600	0.0000	0.0000	0.0000	0.0000	34.1845	NaN	-0.0000	0.0179
0.0000	4614.9078	992515.1632	42.6800	0.0000	0.0000	0.0000	0.0000	34.1845	NaN	-0.0000	0.0179
0.0000	4615.6780	992515.2412	42.6700	0.0000	0.0000	0.0000	0.0000	34.1902	NaN	-0.0000	0.0179
0.0000	4615.6780	992515.3873	42.6700	0.0000	0.0000	0.0000	0.0000	34.1902	NaN	-0.0000	0.0179
0.0000	4615.6780	992515.3873	42.7000	0.0000	0.0000	0.0000	0.0000	34.1902	NaN	-0.0000	0.0179
0.0000	4614.6263	992515.4625	42.8300	0.0000	0.0000	0.0000	0.0000	34.1824	NaN	-0.0000	0.0179
0.0000	4614.6263	992515.4625	42.8200	0.0000	0.0000	0.0000	0.0000	34.1824	NaN	-0.0000	0.0179
0.0000	4613.7486	992515.3890	42.8500	0.0000	0.0000	0.0000	0.0000	34.1759	NaN	-0.0000	0.0179
0.0000	4616.1335	992515.6738	42.8600	0.0000	0.0000	0.0000	0.0000	34.1936	NaN	-0.0000	0.0179
0.0000	4615.1355	992514.8718	43.0700	0.0000	0.0000	0.0000	0.0000	34.1862	NaN	-0.0000	0.0179
0.0000	4615.0818	992514.8968	43.2000	0.0000	0.0000	0.0000	0.0000	34.1858	NaN	-0.0000	0.0179
0.0000	4613.4338	992514.9855	43.1900	0.0000	0.0000	0.0000	0.0000	34.1736	NaN	-0.0000	0.0179
0.0000	4612.7506	992514.6143	43.4200	0.0000	0.0000	0.0000	0.0000	34.1685	NaN	-0.0000	0.0179
0.0000	4612.7506	992515.5065	43.4100	0.0000	0.0000	0.0000	0.0000	34.1685	NaN	-0.0000	0.0179
0.0000	4614.2578	992515.0775	43.3700	0.0000	0.0000	0.0000	0.0000	34.1797	NaN	-0.0000	0.0179
0.0000	4612.9784	992514.8689	43.4600	0.0000	0.0000	0.0000	0.0000	34.1702	NaN	-0.0000	0.0179
0.0000	4611.7859	992515.3337	43.5000	0.0000	0.0000	0.0000	0.0000	34.1614	NaN	-0.0000	0.0179
0.0000	4611.4712	992515.1485	43.5700	0.0000	0.0000	0.0000	0.0000	34.1590	NaN	-0.0000	0.0179
0.0000	4613.5208	992515.3375	43.6700	0.0000	0.0000	0.0000	0.0000	34.1742	NaN	-0.0000	0.0179
0.0000	4612.5229	992515.2675	43.7500	0.0000	0.0000	0.0000	0.0000	34.1668	NaN	-0.0000	0.0179
0.0000	4616.1873	992515.9596	43.7400	0.0000	0.0000	0.0000	0.0000	34.1940	NaN	-0.0000	0.0179
0.0000	4616.1873	992515.9596	43.8300	0.0000	0.0000	0.0000	0.0000	34.1940	NaN	-0.0000	0.0179
0.0000	4612.0136	992515.3137	43.8600	0.0000	0.0000	0.0000	0.0000	34.1631	NaN	-0.0000	0.0179
0.0000	4613.9763	992515.2630	43.9000	0.0000	0.0000	0.0000	0.0000	34.1776	NaN	-0.0000	0.0179
0.0000	4613.6616	992515.1660	43.9500	0.0000	0.0000	0.0000	0.0000	34.1753	NaN	-0.0000	0.0179
0.0000	4616.0465	992514.7065	43.9000	0.0000	0.0000	0.0000	0.0000	34.1929	NaN	-0.0000	0.0179
0.0000	4615.2225	992515.0770	43.9300	0.0000	0.0000	0.0000	0.0000	34.1868	NaN	-0.0000	0.0179
0.0000	4617.6075	992514.2179	44.0000	0.0000	0.0000	0.0000	0.0000	34.2045	NaN	-0.0000	0.0179
0.0000	4617.6075	992514.2179	43.9900	0.0000	0.0000	0.0000	0.0000	34.2045	NaN	-0.0000	0.0179
0.0000	4616.1335	992514.6733	44.0700	0.0000	0.0000	0.0000	0.0000	34.1936	NaN	-0.0000	0.0179
0.0000	4616.1335	992514.6733	44.0500	0.0000	0.0000	0.0000	0.0000	34.1936	NaN	-0.0000	0.0179
0.0000	4613.8893	992515.3033	44.0500	0.0000	0.0000	0.0000	0.0000	34.1770	NaN	-0.0000	0.0179
0.0000	4613.5208	992515.5133	44.0600	0.0000	0.0000	0.0000	0.0000	34.1742	NaN	-0.0000	0.0179
0.0000	4613.5208	992515.5133	44.1400	0.0000	0.0000	0.0000	0.0000	34.1742	NaN	-0.0000	0.0179
0.0000	4613.9431	992514.7781	44.2800	0.0000	0.0000	0.0000	0.0000	34.1774	NaN	-0.0000	0.0179
0.0000	4612.2414	992515.1839	44.4000	0.0000	0.0000	0.0000	0.0000	34.1648	NaN	-0.0000	0.0179
0.0000	4613.3468	992515.0542	44.4000	0.0000	0.0000	0.0000	0.0000	34.1729	NaN	-0.0000	0.0179
0.0000	4613.6616	992514.6001	44.3700	0.0000	0.0000	0.0000	0.0000	34.1753	NaN	-0.0000	0.0179
0.0000	4611.7859	992514.9586	44.3500	0.0000	0.0000	0.0000	0.0000	34.1614	NaN	-0.0000	0.0179
0.0000	4613.4338	992514.9690	44.3100	0.0000	0.0000	0.0000	0.0000	34.1736	NaN	-0.0000	0.0179
0.0000	4611.4174	992514.1850	44.4600	0.0000	0.0000	0.0000	0.0000	34.1586	NaN	-0.0000	0.0179
0.0000	4610.2249	992515.0183	44.4900	0.0000	0.0000	0.0000	0.0000	34.1498	NaN	-0.0000	0.0179
0.0000	4612.1544	992514.9219	44.4700	0.0000	0.0000	0.0000	0.0000	34.1641	NaN	-0.0000	0.0179
0.0000	4614.7671	992515.3121	44.6400	0.0000	0.0000	0.0000	0.0000	34.1835	NaN	-0.0000	0.0179
0.0000	4611.1897	992514.1727	44.7000	0.0000	0.0000	0.0000	0.0000	34.1570	NaN	-0.0000	0.0179
0.0000	4611.6451	992514.5965	44.6100	0.0000	0.0000	0.0000	0.0000	34.1603	NaN	-0.0000	0.0179
0.0000	4609.0325	992514.3252	44.6600	0.0000	0.0000	0.0000	0.0000	34.1410	NaN	-0.0000	0.0179
0.0000	4609.1732	992514.9254	44.7000	0.0000	0.0000	0.0000	0.0000	34.1420	NaN	-0.0000	0.0179
0.0000	4612.1544	992514.5731	44.8200	0.0000	0.0000	0.0000	0.0000	34.1641	NaN	-0.0000	0.0179
0.0000	4611.5581	992514.0489	44.9500	0.0000	0.0000	0.0000	0.0000	34.1597	NaN	-0.0000	0.0179
0.0000	4611.3304	992514.1523	44.9200	0.0000	0.0000	0.0000	0.0000	34.1580	NaN	-0.0000	0.0179
0.0000	4610.7342	992514.3830	44.8800	0.0000	0.0000	0.0000	0.0000	34.1536	NaN	-0.0000	0.0179
0.0000	4610.5934	992513.9500	44.9000	0.0000	0.0000	0.0000	0.0000	34.1525	NaN	-0.0000	0.0179
0.0000	4609.0325	992515.2769	44.9500	0.0000	0.0000	0.0000	0.0000	34.1410	NaN	-0.0000	0.0179
0.0000	4609.4010	992515.1024	45.0500	0.0000	0.0000	0.0000	0.0000	34.1437	NaN	-0.0000	0.0179
0.0000	4609.3140	992515.0572	45.1100	0.0000	0.0000	0.0000	0.0000	34.1431	NaN	-0.0000	0.0179
0.0000	4609.3140	992515.0572	45.0600	0.0000	0.0000	0.0000	0.0000	34.1431	NaN	-0.0000	0.0179
0.0000	4610.3657	992514.8320	45.1100	0.0000	0.0000	0.0000	0.0000	34.1509	NaN	-0.0000	0.0179
0.0000	4611.7859	992514.6729	45.2500	0.0000	0.0000	0.0000	0.0000	34.1614	NaN	-0.0000	0.0179
0.0000	4611.6451	992514.8867	45.2800	0.0000	0.0000	0.0000	0.0000	34.1603	NaN	-0.0000	0.0179
0.0000	4613.2061	992514.9292	45.3000	0.0000	0.0000	0.0000	0.0000	34.1719	NaN	-0.0000	0.0179
0.0000	4612.2414	992514.2882	45.3300	0.0000	0.0000	0.0000	0.0000	34.1648	NaN	-0.0000	0.0179
0.0000	4611.3304	992514.5572	45.3200	0.0000	0.0000	0.0000	0.0000	34.1580	NaN	-0.0000	0.0179
0.0000	4612.9784	992514.7897	45.3700	0.0000	0.0000	0.0000	0.0000	34.1702	NaN	-0.0000	0.0179
0.0000	4612.3821	992514.7233	45.3800	0.0000	0.0000	0.0000	0.0000	34.1658	NaN	-0.0000	0.0179
0.0000	4611.3304	992513.7953	45.4000	0.0000	0.0000	0.0000	0.0000	34.1580	NaN	-0.0000	0.0179
0.0000	4611.4174	992514.7442	45.5300	0.0000	0.0000	0.0000	0.0000	34.1580	NaN	-0.0000	0.0179
0.0000	4612.2951	992514.4638	45.6200	0.0000	0.0000	0.0000	0.0000	34.1651	NaN	-0.0000	0.0179
0.0000	4610.9619	992514.7619	45.5900	0.0000	0.0000	0.0000	0.0000	34.1553	NaN	-0.0000	0.0179
0.0000	4611.3304	992514.5079	45.6000	0.0000	0.0000	0.0000	0.0000	34.1580	NaN	-0.0000	0.0179
0.0000	4612.2414	992513.8614	45.6700	0.0000	0.0000	0.0000	0.0000	34.1648	NaN	-0.0000	0.0179
0.0000	4611.9266	992515.0085	45.6600	0.0000	0.0000	0.0000	0.0000	34.1624	NaN	-0.0000	0.0179
0.0000	4611.1027	992514.7790	45.6700	0.0000	0.0000	0.0000	0.0000	34.1563	NaN	-0.0000	0.0179
0.0000	4612.5229	992514.2400	45.6600	0.0000	0.0000	0.0000	0.0000	34.1668	NaN	-0.0000	0.0179
0.0000	4611.5581	992513.9830	45.7000	0.0000	0.0000	0.0000	0.0000	34.1597	NaN	-0.0000	0.0179
0.0000	4611.5581	992513.9830	45.7200	0.0000	0.0000	0.0000	0.0000	34.1597	NaN	-0.0000	0.0179
0.0000	4611.7859	992514.9021	45.8000	0.0000	0.0000	0.0000	0.0000	34.1614	NaN	-0.0000	0.0179
0.0000	4611.9266	992514.5080	45.9100	0.0000	0.0000	0.0000	0.0000	34.1624	NaN	-0.0000	0.0179
0.0000	4612.7506	992514.0585	45.9000	0.0000	0.0000	0.0000	0.0000	34.1685	NaN	-0.0000	0.0179
0.0000	4610.7342	992513.1710	45.9700	0.0000	0.0000	0.0000	0.0000	34.1536	NaN	-0.0000	0.0179
0.0000	4610.7342	992507.9681	46.0300	0.0000	0.0000	0.0000	0.0000	34.1536	NaN	-0.0000	0.0179
0.0000	4729.0718	992876.3515	46.0500	0.0000	0.0000	0.0000	0.0000	35.0253	NaN	-0.0000	0.0179
0.0000	4731.4899	992878.9097	46.0200	0.0000	0.0000	0.0000	0.0000	35.0481	NaN	-0.0000	0.0179
0.0000	4729.7012	992877.6491	45.8300	0.0000	0.0000	0.0000	0.0000	35.0348	NaN	-0.0000	0.0179
0.0000	4735.0673	992879.2588	45.2900	0.0000	0.0000	0.0000	0.0000	35.0746	NaN	-0.0000	0.0179
0.0000	4734.3304	992879.5465	42.7000	0.0000	0.0000	0.0000	0.0000	35.0691	NaN	-0.0000	0.0179
0.0000	4731.3492	992879.9044	38.0300	0.0000	0.0000	0.0000	0.0000	35.0470	NaN	-0.0000	0.0179
0.0000	4732.3139	992880.2610	34.0300	0.0000	0.0000	0.0000	0.0000	35.0542	NaN	-0.0000	0.0179
0.0000	4732.0862	992880.3344	31.5600	0.0000	0.0000	0.0000	0.0000	35.0525	NaN	-0.0000	0.0179
0.0000	4733.7341	992880.7918	30.0400	0.0000	0.0000	0.0000	0.0000	35.0647	NaN	-0.0000	0.0179
0.0000	4733.6471	992880.5533	29.0100	0.0000	0.0000	0.0000	0.0000	35.0641	NaN	-0.0000	0.0179
0.0000	4733.5934	992880.3944	28.2000	0.0000	0.0000	0.0000	0.0000	35.0637	NaN	-0.0000	0.0179
0.0000	4731.9454	992881.9337	27.5400	0.0000	0.0000	0.0000	0.0000	35.0514	NaN	-0.0000	0.0179
0.0000	4732.4547	992881.6903	26.9800	0.0000	0.0000	0.0000	0.0000	35.0552	NaN	-0.0000	0.0179
0.0000	4734.3304	992881.4922	26.4700	0.0000	0.0000	0.0000	0.0000	35.0691	NaN	-0.0000	0.0179
0.0000	4733.1379	992881.9087	26.1100	0.0000	0.0000	0.0000	0.0000	35.0603	NaN	-0.0000	0.0179
0.0000	4732.8232	992882.0825	25.6700	0.0000	0.0000	0.0000	0.0000	35.0579	NaN	-0.0000	0.0179
0.0000	4734.2434	992882.9089	25.4600	0.0000	0.0000	0.0000	0.0000	35.0685	NaN	-0.0000	0.0179
0.0000	4732.9102	992881.6215	25.2300	0.0000	0.0000	0.0000	0.0000	35.0586	NaN	-0.0000	0.0179
0.0000	4732.1732	992882.2213	25.0200	0.0000	0.0000	0.0000	0.0000	35.0531	NaN	-0.0000	0.0179
0.0000	4731.7177	992881.9349	24.8900	0.0000	0.0000	0.0000	0.0000	35.0498	NaN	-0.0000	0.0179
0.0000	4730.2105	992882.5772	24.8100	0.0000	0.0000	0.0000	0.0000	35.0386	NaN	-0.0000	0.0179
0.0000	4732.9102	992883.0189	24.7600	0.0000	0.0000	0.0000	0.0000	35.0586	NaN	-0.0000	0.0179
0.0000	4731.1215	992882.9887	24.7200	0.0000	0.0000	0.0000	0.0000	35.0453	NaN	-0.0000	0.0179
0.0000	4733.7341	992883.6582	24.6400	0.0000	0.0000	0.0000	0.0000	35.0647	NaN	-0.0000	0.0179
0.0000	4732.0862	992883.5037	24.5000	0.0000	0.0000	0.0000	0.0000	35.0525	NaN	-0.0000	0.0179
0.0000	4732.3139	992883.2124	24.6700	0.0000	0.0000	0.0000	0.0000	35.0542	NaN	-0.0000	0.0179
0.0000	4731.3492	992882.8072	24.8600	0.0000	0.0000	0.0000	0.0000	35.0470	NaN	-0.0000	0.0179
0.0000	4733.4194	992883.1167	24.6600	0.0000	0.0000	0.0000	0.0000	35.0624	NaN	-0.0000	0.0179
0.0000	4733.2786	992882.3580	24.5100	0.0000	0.0000	0.0000	0.0000	35.0613	NaN	-0.0000	0.0179
0.0000	4733.2786	992882.8949	24.4700	0.0000	0.0000	0.0000	0.0000	35.0613	NaN	-0.0000	0.0179
0.0000	4734.2434	992882.3450	24.5300	0.0000	0.0000	0.0000	0.0000	35.0685	NaN	-0.0000	0.0179
0.0000	4731.2622	992882.2598	24.5600	0.0000	0.0000	0.0000	0.0000	35.0464	NaN	-0.0000	0.0179
0.0000	4730.2105	992867.4988	24.5100	0.0000	0.0000	0.0000	0.0000	35.0386	NaN	-0.0000	0.0179
0.0000	4733.2786	992882.6715	24.5200	0.0000	0.0000	0.0000	0.0000	35.0613	NaN	-0.0000	0.0179
0.0000	4732.3139	992883.0419	24.5200	0.0000	0.0000	0.0000	0.0000	35.0542	NaN	-0.0000	0.0179
0.0000	4732.0862	992881.8064	24.5300	0.0000	0.0000	0.0000	0.0000	35.0525	NaN	-0.0000	0.0179
0.0000	4732.8232	992881.8568	24.5800	0.0000	0.0000	0.0000	0.0000	35.0579	NaN	-0.0000	0.0179
0.0000	4731.4899	992882.0332	24.4500	0.0000	0.0000	0.0000	0.0000	35.0481	NaN	-0.0000	0.0179
