Parameters of Sample:   Name of the Sample
Concentration (mg/ml):   8.6800
Volumn (ml):   0.4000
Experiment Date:	10/31/2017	12:09 PM	Recording Period (ms): 1000.0000

Time	H	Frequency	T1	T2	T3	IpSupply	VpSupply	Current	SAR	sd SAR	L
1.0000	4947.7398	992872.6002	22.1100	0.0000	0.0000	1.4210	18.3940	36.6472	0.0000	0.0000	0.0179
2.0000	4948.1953	992873.1937	22.0900	0.0000	0.0000	1.4210	18.3940	36.6533	0.0000	0.0000	0.0179
3.0000	4945.8641	992873.0195	22.0200	0.0000	0.0000	1.4210	18.3940	36.6360	0.0000	0.0000	0.0179
4.0000	4948.1083	992873.3782	22.0300	0.0000	0.0000	1.4210	18.3940	36.6527	0.0000	0.0000	0.0179
5.0000	4946.1788	992875.1286	22.0400	0.0000	0.0000	1.4210	18.3940	36.6384	0.0000	0.0000	0.0179
6.0000	4948.7045	992875.9677	22.0200	0.0000	0.0000	1.4210	18.3940	36.6571	0.0000	0.0000	0.0179
7.0000	4946.4066	992876.7901	22.0300	0.0000	0.0000	1.4210	18.3940	36.6400	0.0000	0.0000	0.0179
8.0000	4951.6319	992876.6183	21.9900	0.0000	0.0000	1.4210	18.3940	36.6788	0.0000	0.0000	0.0179
9.0000	4945.0401	992877.0561	22.0200	0.0000	0.0000	1.4210	18.3940	36.6299	0.0000	0.0000	0.0179
10.0000	4946.7751	992877.0248	22.0300	0.0000	0.0000	1.4210	18.3940	36.6428	0.0000	0.0000	0.0179
11.0000	4937.3966	992745.3941	22.0900	0.0000	0.0000	1.4210	18.3940	36.5733	0.0000	0.0000	0.0179
12.0000	4933.9600	992769.4923	22.1200	0.0000	0.0000	1.4210	18.3940	36.5479	0.0000	0.0000	0.0179
13.0000	4935.9226	992776.1565	22.0300	0.0000	0.0000	1.4210	18.3940	36.5624	0.0000	0.0000	0.0179
14.0000	4934.1877	992774.0944	21.9700	0.0000	0.0000	1.4210	18.3940	36.5495	0.0000	0.0000	0.0179
15.0000	4932.2582	992773.1710	22.0800	0.0000	0.0000	1.4210	18.3940	36.5352	0.0000	0.0000	0.0179
16.0000	4933.2767	992773.0776	22.1500	0.0000	0.0000	1.4210	18.3940	36.5428	0.0000	0.0000	0.0179
17.0000	4937.3966	992773.9226	22.2000	0.0000	0.0000	1.4210	18.3940	36.5733	0.0000	0.0000	0.0179
18.0000	4933.1360	992773.1135	22.2400	0.0000	0.0000	1.4210	18.3940	36.5417	0.0000	0.0000	0.0179
19.0000	4934.1007	992772.6369	22.2200	0.0000	0.0000	1.4210	18.3940	36.5489	0.0000	0.0000	0.0179
20.0000	4936.2041	992776.3721	22.2100	0.0000	0.0000	1.4210	18.3940	36.5645	0.0000	0.0000	0.0179
21.0000	4934.3285	992776.1475	22.3000	0.0000	0.0000	1.4210	18.3940	36.5506	0.0000	0.0000	0.0179
22.0000	4934.2747	992771.6441	22.4100	0.0000	0.0000	1.4210	18.3940	36.5502	0.0000	0.0000	0.0179
23.0000	4934.5562	992776.5127	22.3600	0.0000	0.0000	1.4210	18.3940	36.5523	0.0000	0.0000	0.0179
24.0000	4932.3120	992773.7078	22.3000	0.0000	0.0000	1.4210	18.3940	36.5356	0.0000	0.0000	0.0179
25.0000	4932.3990	992773.6981	22.3400	0.0000	0.0000	1.4210	18.3940	36.5363	0.0000	0.0000	0.0179
26.0000	4932.9952	992775.9905	22.3300	0.0000	0.0000	1.4210	18.3940	36.5407	0.0000	0.0000	0.0179
27.0000	4934.2747	992774.4376	22.3800	0.0000	0.0000	1.4210	18.3940	36.5502	0.0000	0.0000	0.0179
28.0000	4935.7487	992776.0398	22.4100	0.0000	0.0000	1.4210	18.3940	36.5611	0.0000	0.0000	0.0179
29.0000	4932.3990	992777.2865	22.2300	0.0000	0.0000	1.4210	18.3940	36.5363	0.0000	0.0000	0.0179
30.0000	4934.2747	992774.3458	22.3600	0.0000	0.0000	1.4210	18.3940	36.5502	0.0000	0.0000	0.0179
31.0000	4935.4672	992775.0457	22.5000	0.0000	0.0000	1.4120	18.3940	36.5590	0.0000	0.0000	0.0000
32.0000	4934.6969	992773.9082	22.4000	0.0000	0.0000	1.4210	18.3940	36.5506	0.0000	0.0000	0.0000
33.0000	4933.5045	992773.9947	22.4900	0.0000	0.0000	1.4210	18.3940	36.5445	0.0000	0.0000	0.0000
34.0000	4932.9082	992779.2341	22.5200	0.0000	0.0000	1.4210	18.3940	36.5401	0.0000	0.0000	0.0000
35.0000	4932.4528	992773.5890	22.4600	0.0000	0.0000	1.4210	18.3940	36.5367	0.0000	0.0000	0.0000
36.0000	4931.1195	992777.5652	22.5100	0.0000	0.0000	1.4210	18.3940	36.5268	0.0000	0.0000	0.0000
37.0000	4933.8192	992774.8434	22.5600	0.0000	0.0000	1.4210	18.3940	36.5468	0.0000	0.0000	0.0000
38.0000	4932.5398	992774.8795	22.5200	0.0000	0.0000	1.4210	18.3940	36.5373	0.0000	0.0000	0.0000
39.0000	4931.2065	992774.0020	22.5400	0.0000	0.0000	1.4210	18.3940	36.5275	0.0000	0.0000	0.0000
40.0000	4931.4880	992775.7355	22.7000	0.0000	0.0000	1.4210	18.3940	36.5295	0.0000	0.0000	0.0000
41.0000	4934.6969	992773.9367	22.7000	0.0000	0.0000	1.4210	18.3940	36.5533	0.0000	0.0000	0.0000
42.0000	4933.8192	992773.0822	22.6200	0.0000	0.0000	1.4210	18.3940	36.5468	0.0000	0.0000	0.0000
43.0000	4932.9082	992774.9317	22.6400	0.0000	0.0000	1.4210	18.3940	36.5401	0.0000	0.0000	0.0000
44.0000	4933.7322	992773.7457	22.6300	0.0000	0.0000	1.4210	18.3940	36.5462	0.0000	0.0000	0.0000
45.0000	4931.1195	992777.2201	22.6500	0.0000	0.0000	1.4210	18.3940	36.5268	0.0000	0.0000	0.0000
46.0000	4933.9600	992773.8774	22.6600	0.0000	0.0000	1.4210	18.3940	36.5479	0.0000	0.0000	0.0000
47.0000	4932.3990	992775.9179	22.6700	0.0000	0.0000	1.4210	18.3940	36.5363	0.0000	0.0000	0.0000
48.0000	4930.7511	992777.1178	22.6800	0.0000	0.0000	1.4210	18.3940	36.5241	0.0000	0.0000	0.0000
49.0000	4934.3285	992775.9954	22.7000	0.0000	0.0000	1.4210	18.3940	36.5506	0.0000	0.0000	0.0000
50.0000	4933.1360	992773.0068	22.6700	0.0000	0.0000	1.4210	18.3940	36.5417	0.0000	0.0000	0.0000
51.0000	4933.3637	992774.5274	22.7000	0.0000	0.0000	1.4210	18.3940	36.5434	0.0000	0.0000	0.0000
52.0000	4933.5045	992775.6092	22.8400	0.0000	0.0000	1.4210	18.3940	36.5445	0.0000	0.0000	0.0000
53.0000	4935.5209	992774.8093	22.8100	0.0000	0.0000	1.4210	18.3940	36.5594	0.0000	0.0000	0.0000
54.0000	4933.6452	992777.1150	22.8200	0.0000	0.0000	1.4210	18.3940	36.5455	0.0000	0.0000	0.0000
55.0000	4933.2767	992778.1172	22.8200	0.0000	0.0000	1.4210	18.3940	36.5428	0.0000	0.0000	0.0000
56.0000	4932.3990	992776.6928	22.8200	0.0000	0.0000	1.4210	18.3940	36.5363	0.0000	0.0000	0.0000
57.0000	4932.3990	992775.8402	22.9300	0.0000	0.0000	1.4210	18.3940	36.5363	0.0000	0.0000	0.0000
58.0000	4931.9435	992776.8918	22.9700	0.0000	0.0000	1.4210	18.3940	36.5329	0.0000	0.0000	0.0000
59.0000	4930.6641	992776.6387	22.9200	0.0000	0.0000	1.4210	18.3940	36.5234	0.0000	0.0000	0.0000
60.0000	4932.9082	992776.7573	22.8500	0.0000	0.0000	1.4210	18.3940	36.5401	0.0000	0.0000	0.0000
61.0000	4932.6805	992775.7413	22.8400	0.0000	0.0000	1.4210	18.3940	36.5384	0.0000	0.0000	0.0000
62.0000	4931.6288	992774.9191	22.8700	0.0000	0.0000	1.4120	18.3940	36.5306	0.0000	0.0000	0.0000
63.0000	4933.2767	992775.3525	22.9500	0.0000	0.0000	1.4210	18.3940	36.5428	0.0000	0.0000	0.0000
64.0000	4931.2603	992776.0628	23.0000	0.0000	0.0000	1.4210	18.3940	36.5279	0.0000	0.0000	0.0000
65.0000	4932.6805	992775.6398	23.0000	0.0000	0.0000	1.4210	18.3940	36.5384	0.0000	0.0000	0.0000
66.0000	4932.5398	992775.0456	22.9600	0.0000	0.0000	1.4210	18.3940	36.5373	0.0000	0.0000	0.0000
67.0000	4930.2086	992776.3216	22.9800	0.0000	0.0000	1.4210	18.3940	36.5201	0.0000	0.0000	0.0000
68.0000	4930.6641	992777.4844	23.0600	0.0000	0.0000	1.4210	18.3940	36.5234	0.0000	0.0000	0.0000
69.0000	4932.5398	992776.1745	23.1000	0.0000	0.0000	1.4210	18.3940	36.5373	0.0000	0.0000	0.0000
70.0000	4936.2579	992774.9507	23.0800	0.0000	0.0000	1.4210	18.3940	36.5649	0.0000	0.0000	0.0000
71.0000	4934.4154	992777.8145	23.0000	0.0000	0.0000	1.4210	18.3940	36.5512	0.0000	0.0000	0.0000
72.0000	4933.7322	992776.2947	23.0500	0.0000	0.0000	1.4210	18.3940	36.5462	0.0000	0.0000	0.0000
73.0000	4932.6267	992778.1720	23.0600	0.0000	0.0000	1.4210	18.3940	36.5380	0.0000	0.0000	0.0000
74.0000	4929.3308	992772.6881	23.0900	0.0000	0.0000	1.4210	18.3940	36.5136	0.0000	0.0000	0.0000
75.0000	4933.5045	992774.8525	23.1600	0.0000	0.0000	1.4210	18.3940	36.5445	0.0000	0.0000	0.0000
76.0000	4930.5233	992775.1326	23.1100	0.0000	0.0000	1.4210	18.3940	36.5224	0.0000	0.0000	0.0000
77.0000	4930.0678	992773.3424	23.0900	0.0000	0.0000	1.4210	18.3940	36.5190	0.0000	0.0000	0.0000
78.0000	4932.9082	992773.7123	23.1400	0.0000	0.0000	1.4210	18.3940	36.5401	0.0000	0.0000	0.0000
79.0000	4932.4528	992772.9208	23.1300	0.0000	0.0000	1.4210	18.3940	36.5367	0.0000	0.0000	0.0000
80.0000	4933.5915	992776.0663	23.1500	0.0000	0.0000	1.4210	18.3940	36.5451	0.0000	0.0000	0.0000
81.0000	4932.1713	992774.4835	23.1800	0.0000	0.0000	1.4210	18.3940	36.5346	0.0000	0.0000	0.0000
82.0000	4932.5398	992776.0237	23.1700	0.0000	0.0000	1.4210	18.3940	36.5373	0.0000	0.0000	0.0000
83.0000	4930.2086	992774.3850	23.1700	0.0000	0.0000	1.4210	18.3940	36.5201	0.0000	0.0000	0.0000
84.0000	4930.8918	992776.1455	23.1900	0.0000	0.0000	1.4210	18.3940	36.5251	0.0000	0.0000	0.0000
85.0000	4932.9082	992775.5662	23.1500	0.0000	0.0000	1.4210	18.3940	36.5401	0.0000	0.0000	0.0000
86.0000	4933.0490	992772.5115	23.1600	0.0000	0.0000	1.4210	18.3940	36.5411	0.0000	0.0000	0.0000
87.0000	4935.1524	992773.4363	23.2600	0.0000	0.0000	1.4210	18.3940	36.5567	0.0000	0.0000	0.0000
88.0000	4932.5398	992775.0720	23.3100	0.0000	0.0000	1.4120	18.3940	36.5373	0.0000	0.0000	0.0000
89.0000	4932.6805	992774.5934	23.3700	0.0000	0.0000	1.4210	18.3940	36.5384	0.0000	0.0000	0.0000
90.0000	4932.8213	992774.3557	23.3700	0.0000	0.0000	1.4210	18.3940	36.5394	0.0000	0.0000	0.0000
91.0000	4931.6288	992773.5446	23.2400	0.0000	0.0000	1.4120	18.3940	36.5306	0.0000	0.0000	0.0000
92.0000	4930.8918	992772.9336	23.2800	0.0000	0.0000	1.4210	18.3940	36.5251	0.0000	0.0000	0.0000
93.0000	4930.8048	992774.4201	23.3800	0.0000	0.0000	1.4210	18.3940	36.5245	0.0000	0.0000	0.0000
94.0000	4931.6288	992773.2100	23.4600	0.0000	0.0000	1.4210	18.3940	36.5306	0.0000	0.0000	0.0000
95.0000	4933.1360	992774.9928	23.4800	0.0000	0.0000	1.4120	18.3940	36.5417	0.0000	0.0000	0.0000
96.0000	4932.4528	992775.3560	23.4500	0.0000	0.0000	1.4210	18.3940	36.5367	0.0000	0.0000	0.0000
97.0000	4934.5562	992776.9897	23.4000	0.0000	0.0000	1.4120	18.3940	36.5523	0.0000	0.0000	0.0000
98.0000	4931.5750	992776.6335	23.4100	0.0000	0.0000	1.4210	18.3940	36.5302	0.0000	0.0000	0.0000
99.0000	4932.9082	992774.5842	23.3800	0.0000	0.0000	1.4210	18.3940	36.5401	0.0000	0.0000	0.0000
100.0000	4931.7158	992775.0840	23.3500	0.0000	0.0000	1.4210	18.3940	36.5312	0.0000	0.0000	0.0000
101.0000	4930.8918	992774.8435	23.3900	0.0000	0.0000	1.4210	18.3940	36.5251	0.0000	0.0000	0.0000
102.0000	4930.7511	992774.6153	23.4100	0.0000	0.0000	1.4210	18.3940	36.5241	0.0000	0.0000	0.0000
103.0000	4932.7675	992776.6107	23.4700	0.0000	0.0000	1.4210	18.3940	36.5390	0.0000	0.0000	0.0000
104.0000	4929.2439	992772.4906	23.4600	0.0000	0.0000	1.4120	18.3940	36.5129	0.0000	0.0000	0.0000
105.0000	4930.6641	992773.6069	23.4000	0.0000	0.0000	1.4210	18.3940	36.5234	0.0000	0.0000	0.0000
106.0000	4931.8565	992774.7390	23.4000	0.0000	0.0000	1.4210	18.3940	36.5323	0.0000	0.0000	0.0000
107.0000	4931.9435	992771.8920	23.4500	0.0000	0.0000	1.4210	18.3940	36.5306	0.0000	0.0000	0.0000
108.0000	4930.0678	992771.1400	23.5100	0.0000	0.0000	1.4210	18.3940	36.5190	0.0000	0.0000	0.0000
109.0000	4931.8565	992771.8627	23.4800	0.0000	0.0000	1.4210	18.3940	36.5323	0.0000	0.0000	0.0000
110.0000	4931.4880	992773.3245	23.4900	0.0000	0.0000	1.4210	18.3940	36.5295	0.0000	0.0000	0.0000
111.0000	4933.7860	992771.7501	23.5800	0.0000	0.0000	1.4210	18.3940	36.5466	0.0000	0.0000	0.0000
112.0000	4932.2250	992772.1905	23.6200	0.0000	0.0000	1.4210	18.3940	36.5350	0.0000	0.0000	0.0000
113.0000	4931.8565	992772.4973	23.6600	0.0000	0.0000	1.4210	18.3940	36.5323	0.0000	0.0000	0.0000
114.0000	4932.4528	992773.6605	23.6800	0.0000	0.0000	1.4210	18.3940	36.5367	0.0000	0.0000	0.0000
115.0000	4930.8918	992773.9963	23.7400	0.0000	0.0000	1.4210	18.3940	36.5251	0.0000	0.0000	0.0000
116.0000	4931.1195	992773.4900	23.6700	0.0000	0.0000	1.4210	18.3940	36.5268	0.0000	0.0000	0.0000
117.0000	4930.0678	992771.7906	23.6400	0.0000	0.0000	1.4210	18.3940	36.5190	0.0000	0.0000	0.0000
118.0000	4929.9271	992772.2070	23.6800	0.0000	0.0000	1.4210	18.3940	36.5180	0.0000	0.0000	0.0000
119.0000	4932.0843	992773.5221	23.7100	0.0000	0.0000	1.4210	18.3940	36.5340	0.0000	0.0000	0.0000
120.0000	4935.0654	992773.7550	23.6800	0.0000	0.0000	1.4210	18.3940	36.5560	0.0000	0.0000	0.0000
121.0000	4932.0843	992774.3368	23.6400	0.0000	0.0000	1.4210	18.3940	36.5340	0.0000	0.0000	0.0000
122.0000	4931.2603	992772.7116	23.6300	0.0000	0.0000	1.4210	18.3940	36.5279	0.0000	0.0000	0.0000
123.0000	4930.8048	992772.9714	23.6200	0.0000	0.0000	1.4210	18.3940	36.5245	0.0000	0.0000	0.0000
124.0000	4934.0137	992772.0908	23.6500	0.0000	0.0000	1.4210	18.3940	36.5482	0.0000	0.0000	0.0000
125.0000	4929.1031	992772.5433	23.7000	0.0000	0.0000	1.4210	18.3940	36.5119	0.0000	0.0000	0.0000
126.0000	4929.9271	992772.1038	23.6800	0.0000	0.0000	1.4210	18.3940	36.5180	0.0000	0.0000	0.0000
127.0000	4931.5418	992773.4042	23.7300	0.0000	0.0000	1.4210	18.3940	36.5299	0.0000	0.0000	0.0000
128.0000	4931.1195	992774.3742	23.7500	0.0000	0.0000	1.4210	18.3940	36.5268	0.0000	0.0000	0.0000
129.0000	4930.8918	992775.1248	23.6800	0.0000	0.0000	1.4210	18.3940	36.5251	0.0000	0.0000	0.0000
130.0000	4929.1569	992773.2779	23.6800	0.0000	0.0000	1.4210	18.3940	36.5123	0.0000	0.0000	0.0000
131.0000	4931.3473	992775.2862	23.7600	0.0000	0.0000	1.4210	18.3940	36.5285	0.0000	0.0000	0.0000
132.0000	4930.6641	992773.1588	23.8400	0.0000	0.0000	1.4210	18.3940	36.5234	0.0000	0.0000	0.0000
133.0000	4928.6476	992772.0083	23.8400	0.0000	0.0000	1.4210	18.3940	36.5085	0.0000	0.0000	0.0000
134.0000	4930.6641	992774.0202	23.8200	0.0000	0.0000	1.4210	18.3940	36.5234	0.0000	0.0000	0.0000
135.0000	4930.4363	992774.3579	23.8100	0.0000	0.0000	1.4210	18.3940	36.5218	0.0000	0.0000	0.0000
136.0000	4931.2603	992772.5325	23.8200	0.0000	0.0000	1.4210	18.3940	36.5279	0.0000	0.0000	0.0000
137.0000	4932.1713	992774.7264	23.8400	0.0000	0.0000	1.4210	18.3940	36.5346	0.0000	0.0000	0.0000
138.0000	4935.0654	992773.0632	23.7800	0.0000	0.0000	1.4210	18.3940	36.5560	0.0000	0.0000	0.0000
139.0000	4931.4880	992777.7678	23.7700	0.0000	0.0000	1.4210	18.3940	36.5295	0.0000	0.0000	0.0000
140.0000	4932.5398	992776.4916	23.8500	0.0000	0.0000	1.4210	18.3940	36.5373	0.0000	0.0000	0.0000
141.0000	4931.8565	992774.0404	23.9100	0.0000	0.0000	1.4210	18.3940	36.5323	0.0000	0.0000	0.0000
142.0000	4930.0678	992776.8249	23.8900	0.0000	0.0000	1.4210	18.3940	36.5190	0.0000	0.0000	0.0000
143.0000	4931.9435	992776.5914	23.8300	0.0000	0.0000	1.4210	18.3940	36.5329	0.0000	0.0000	0.0000
144.0000	4932.5398	992777.6730	23.8400	0.0000	0.0000	1.4210	18.3940	36.5373	0.0000	0.0000	0.0000
145.0000	4931.8565	992774.2107	23.8300	0.0000	0.0000	1.4210	18.3940	36.5323	0.0000	0.0000	0.0000
146.0000	4932.4528	992776.9987	23.8400	0.0000	0.0000	1.4210	18.3940	36.5367	0.0000	0.0000	0.0000
147.0000	4929.6993	992774.8362	23.9100	0.0000	0.0000	1.4210	18.3940	36.5163	0.0000	0.0000	0.0000
148.0000	4929.8401	992774.6711	23.9300	0.0000	0.0000	1.4210	18.3940	36.5173	0.0000	0.0000	0.0000
149.0000	4933.1360	992777.6214	23.9000	0.0000	0.0000	1.4210	18.3940	36.5417	0.0000	0.0000	0.0000
150.0000	4931.7158	992776.4263	23.9800	0.0000	0.0000	1.4210	18.3940	36.5312	0.0000	0.0000	0.0000
151.0000	4929.6123	992775.0274	24.0300	0.0000	0.0000	1.4120	18.3940	36.5156	0.0000	0.0000	0.0000
152.0000	4930.5233	992775.8903	23.9900	0.0000	0.0000	1.4210	18.3940	36.5224	0.0000	0.0000	0.0000
153.0000	4933.1360	992775.1565	23.9700	0.0000	0.0000	1.4210	18.3940	36.5417	0.0000	0.0000	0.0000
154.0000	4932.4528	992774.5793	23.9700	0.0000	0.0000	1.4210	18.3940	36.5367	0.0000	0.0000	0.0000
155.0000	4931.0326	992778.7823	23.9100	0.0000	0.0000	1.4210	18.3940	36.5262	0.0000	0.0000	0.0000
156.0000	4930.7511	992777.0794	23.8800	0.0000	0.0000	1.4210	18.3940	36.5241	0.0000	0.0000	0.0000
157.0000	4931.2065	992776.1164	23.9900	0.0000	0.0000	1.4210	18.3940	36.5275	0.0000	0.0000	0.0000
158.0000	4928.8754	992772.4428	24.0700	0.0000	0.0000	1.4210	18.3940	36.5102	0.0000	0.0000	0.0000
159.0000	4932.2250	992775.8184	24.0900	0.0000	0.0000	1.4210	18.3940	36.5350	0.0000	0.0000	0.0000
160.0000	4929.9271	992775.1978	24.0500	0.0000	0.0000	1.4210	18.3940	36.5180	0.0000	0.0000	0.0000
161.0000	4928.8754	992774.2377	24.0500	0.0000	0.0000	1.4210	18.3940	36.5102	0.0000	0.0000	0.0000
162.0000	4930.7511	992775.1677	24.1000	0.0000	0.0000	1.4210	18.3940	36.5241	0.0000	0.0000	0.0000
163.0000	4930.9456	992775.3950	24.0500	0.0000	0.0000	1.4210	18.3940	36.5255	0.0000	0.0000	0.0000
164.0000	4930.5233	992776.9908	24.0200	0.0000	0.0000	1.4210	18.3940	36.5224	0.0000	0.0000	0.0000
165.0000	4933.1360	992776.6791	24.0700	0.0000	0.0000	1.4210	18.3940	36.5417	0.0000	0.0000	0.0000
166.0000	4930.6641	992776.4159	24.0300	0.0000	0.0000	1.4210	18.3940	36.5234	0.0000	0.0000	0.0000
167.0000	4930.6641	992776.4159	24.0200	0.0000	0.0000	1.4210	18.3940	36.5234	0.0000	0.0000	0.0000
168.0000	4931.1195	992776.9996	24.0500	0.0000	0.0000	1.4210	18.3940	36.5268	0.0000	0.0000	0.0000
169.0000	4932.0843	992777.4275	24.1800	0.0000	0.0000	1.4210	18.3940	36.5340	0.0000	0.0000	0.0000
170.0000	4930.4363	992774.5355	24.1300	0.0000	0.0000	1.4210	18.3940	36.5218	0.0000	0.0000	0.0000
171.0000	4931.3473	992776.3597	24.0700	0.0000	0.0000	1.4210	18.3940	36.5285	0.0000	0.0000	0.0000
172.0000	4934.5562	992775.9418	24.1800	0.0000	0.0000	1.4210	18.3940	36.5523	0.0000	0.0000	0.0000
173.0000	4931.2603	992776.8827	24.1900	0.0000	0.0000	1.4210	18.3940	36.5279	0.0000	0.0000	0.0000
174.0000	4932.3658	992775.6103	24.1900	0.0000	0.0000	1.4210	18.3940	36.5360	0.0000	0.0000	0.0000
175.0000	4932.3658	992775.6103	24.1700	0.0000	0.0000	1.4210	18.3940	36.5360	0.0000	0.0000	0.0000
176.0000	4931.9435	992776.1877	24.1200	0.0000	0.0000	1.4210	18.3940	36.5329	0.0000	0.0000	0.0000
177.0000	4931.9435	992776.1877	24.1700	0.0000	0.0000	1.4210	18.3940	36.5329	0.0000	0.0000	0.0000
178.0000	4930.6641	992777.6631	24.2900	0.0000	0.0000	1.4210	18.3940	36.5234	0.0000	0.0000	0.0000
179.0000	4930.6641	992776.4520	24.3000	0.0000	0.0000	1.4210	18.3940	36.5234	0.0000	0.0000	0.0000
180.0000	4930.6641	992775.8386	24.2700	0.0000	0.0000	1.4210	18.3940	36.5234	0.0000	0.0000	0.0000
181.0000	4931.9435	992775.3833	24.2200	0.0000	0.0000	1.4210	18.3940	36.5329	0.0000	0.0000	0.0000
182.0000	4931.9435	992775.3833	24.2700	0.0000	0.0000	1.4210	18.3940	36.5329	0.0000	0.0000	0.0000
183.0000	4931.4880	992775.3527	24.3100	0.0000	0.0000	1.4210	18.3940	36.5295	0.0000	0.0000	0.0000
184.0000	4930.9788	992775.6614	24.2800	0.0000	0.0000	1.4210	18.3940	36.5258	0.0000	0.0000	0.0000
185.0000	4931.9435	992777.6971	24.2800	0.0000	0.0000	1.4210	18.3940	36.5329	0.0000	0.0000	0.0000
186.0000	4931.1195	992777.1853	24.2400	0.0000	0.0000	1.4210	18.3940	36.5268	0.0000	0.0000	0.0000
187.0000	4931.0326	992776.0124	24.2400	0.0000	0.0000	1.4210	18.3940	36.5262	0.0000	0.0000	0.0000
188.0000	4931.0326	992776.0124	24.3300	0.0000	0.0000	1.4210	18.3940	36.5262	0.0000	0.0000	0.0000
189.0000	4932.3990	992775.4543	24.2400	0.0000	0.0000	1.4120	18.3940	36.5363	0.0000	0.0000	0.0000
190.0000	4931.0326	992776.6812	24.2300	0.0000	0.0000	1.4210	18.3940	36.5262	0.0000	0.0000	0.0000
191.0000	4930.2086	992776.8647	24.3700	0.0000	0.0000	1.4210	18.3940	36.5201	0.0000	0.0000	0.0000
192.0000	4931.1195	992777.2515	24.3800	0.0000	0.0000	1.4210	18.3940	36.5268	0.0000	0.0000	0.0000
193.0000	4929.0161	992777.1469	24.4000	0.0000	0.0000	1.4210	18.3940	36.5112	0.0000	0.0000	0.0000
194.0000	4930.1548	992777.3013	24.3600	0.0000	0.0000	1.4210	18.3940	36.5197	0.0000	0.0000	0.0000
195.0000	4929.3308	992776.7084	24.3500	0.0000	0.0000	1.4210	18.3940	36.5136	0.0000	0.0000	0.0000
196.0000	4928.0514	992775.5997	24.3500	0.0000	0.0000	1.4210	18.3940	36.5041	0.0000	0.0000	0.0000
197.0000	4931.5418	992775.5629	24.2900	0.0000	0.0000	1.4210	18.3940	36.5299	0.0000	0.0000	0.0000
198.0000	4930.1548	992775.4372	24.3300	0.0000	0.0000	1.4210	18.3940	36.5197	0.0000	0.0000	0.0000
199.0000	4929.9808	992775.5087	24.3700	0.0000	0.0000	1.4210	18.3940	36.5184	0.0000	0.0000	0.0000
200.0000	4930.0678	992775.6607	24.4400	0.0000	0.0000	1.4210	18.3940	36.5190	0.0000	0.0000	0.0000
201.0000	4930.2956	992775.3653	24.4400	0.0000	0.0000	1.4120	18.3940	36.5207	0.0000	0.0000	0.0000
202.0000	4930.4363	992775.2092	24.5200	0.0000	0.0000	1.4210	18.3940	36.5218	0.0000	0.0000	0.0000
203.0000	4929.7531	992775.2411	24.4700	0.0000	0.0000	1.4210	18.3940	36.5167	0.0000	0.0000	0.0000
204.0000	4931.4010	992776.4169	24.2300	0.0000	0.0000	1.4210	18.3940	36.5289	0.0000	0.0000	0.0000
205.0000	4929.9271	992776.7027	24.1800	0.0000	0.0000	1.4210	18.3940	36.5180	0.0000	0.0000	0.0000
206.0000	4930.2956	992776.5947	24.3900	0.0000	0.0000	1.4210	18.3940	36.5207	0.0000	0.0000	0.0000
207.0000	4931.0326	992775.9806	24.5300	0.0000	0.0000	1.4210	18.3940	36.5262	0.0000	0.0000	0.0000
208.0000	4930.5233	992776.4893	24.4700	0.0000	0.0000	1.4210	18.3940	36.5224	0.0000	0.0000	0.0000
209.0000	4929.6123	992776.3788	24.4800	0.0000	0.0000	1.4210	18.3940	36.5156	0.0000	0.0000	0.0000
210.0000	4929.0161	992776.0743	24.5100	0.0000	0.0000	1.4210	18.3940	36.5112	0.0000	0.0000	0.0000
211.0000	4931.1195	992775.0470	24.4700	0.0000	0.0000	1.4210	18.3940	36.5268	0.0000	0.0000	0.0000
212.0000	4931.6288	992775.4442	24.4400	0.0000	0.0000	1.4210	18.3940	36.5306	0.0000	0.0000	0.0000
213.0000	4929.7863	992776.8884	24.5200	0.0000	0.0000	1.4210	18.3940	36.5169	0.0000	0.0000	0.0000
214.0000	4930.2086	992774.8782	24.5500	0.0000	0.0000	1.4210	18.3940	36.5201	0.0000	0.0000	0.0000
215.0000	4928.5606	992776.3040	24.5100	0.0000	0.0000	1.4210	18.3940	36.5079	0.0000	0.0000	0.0000
216.0000	4930.6641	992775.1209	24.4700	0.0000	0.0000	1.4210	18.3940	36.5234	0.0000	0.0000	0.0000
217.0000	4928.4199	992775.8085	24.5400	0.0000	0.0000	1.4210	18.3940	36.5068	0.0000	0.0000	0.0000
218.0000	4930.4363	992776.2594	24.6100	0.0000	0.0000	1.4210	18.3940	36.5218	0.0000	0.0000	0.0000
219.0000	4929.6993	992775.1099	24.6000	0.0000	0.0000	1.4210	18.3940	36.5163	0.0000	0.0000	0.0000
220.0000	4932.3120	992774.4626	24.6000	0.0000	0.0000	1.4210	18.3940	36.5356	0.0000	0.0000	0.0000
221.0000	4928.9291	992775.2993	24.5900	0.0000	0.0000	1.4210	18.3940	36.5106	0.0000	0.0000	0.0000
222.0000	4930.5233	992775.4926	24.6000	0.0000	0.0000	1.4210	18.3940	36.5224	0.0000	0.0000	0.0000
223.0000	4930.2086	992775.7631	24.5900	0.0000	0.0000	1.4210	18.3940	36.5201	0.0000	0.0000	0.0000
224.0000	4930.2086	992776.8245	24.5800	0.0000	0.0000	1.4210	18.3940	36.5136	0.0000	0.0000	0.0000
225.0000	4929.6993	992774.5988	24.5800	0.0000	0.0000	1.4210	18.3940	36.5163	0.0000	0.0000	0.0000
226.0000	4928.7884	992777.3890	24.5500	0.0000	0.0000	1.4210	18.3940	36.5095	0.0000	0.0000	0.0000
227.0000	4928.5606	992775.9525	24.5200	0.0000	0.0000	1.4210	18.3940	36.5079	0.0000	0.0000	0.0000
228.0000	4931.4010	992774.7989	24.5800	0.0000	0.0000	1.4120	18.3940	36.5289	0.0000	0.0000	0.0000
229.0000	4929.8401	992774.8164	24.6100	0.0000	0.0000	1.4210	18.3940	36.5173	0.0000	0.0000	0.0000
230.0000	4930.2956	992775.4202	24.5700	0.0000	0.0000	1.4210	18.3940	36.5207	0.0000	0.0000	0.0000
231.0000	4929.4716	992776.3745	24.5900	0.0000	0.0000	1.4210	18.3940	36.5146	0.0000	0.0000	0.0000
232.0000	4928.7884	992775.5169	24.6200	0.0000	0.0000	1.4210	18.3940	36.5095	0.0000	0.0000	0.0000
233.0000	4931.1195	992776.3389	24.6200	0.0000	0.0000	1.4210	18.3940	36.5268	0.0000	0.0000	0.0000
234.0000	4931.4880	992777.3949	24.5900	0.0000	0.0000	1.4210	18.3940	36.5295	0.0000	0.0000	0.0000
235.0000	4930.4363	992776.6525	24.6000	0.0000	0.0000	1.4210	18.3940	36.5218	0.0000	0.0000	0.0000
236.0000	4930.5233	992775.6479	24.6000	0.0000	0.0000	1.4210	18.3940	36.5224	0.0000	0.0000	0.0000
237.0000	4931.5418	992776.7018	24.6900	0.0000	0.0000	1.4210	18.3940	36.5299	0.0000	0.0000	0.0000
238.0000	4929.0161	992777.0254	24.6900	0.0000	0.0000	1.4120	18.3940	36.5112	0.0000	0.0000	0.0000
239.0000	4927.9106	992775.0075	24.6600	0.0000	0.0000	1.4210	18.3940	36.5030	0.0000	0.0000	0.0000
240.0000	4927.9644	992775.7500	24.7000	0.0000	0.0000	1.4210	18.3940	36.5034	0.0000	0.0000	0.0000
241.0000	4930.1548	992776.5504	24.6300	0.0000	0.0000	1.4210	18.3940	36.5197	0.0000	0.0000	0.0000
242.0000	4932.9082	992775.9468	24.5600	0.0000	0.0000	1.4210	18.3940	36.5401	0.0000	0.0000	0.0000
243.0000	4928.6476	992778.1187	24.5500	0.0000	0.0000	1.4210	18.3940	36.5085	0.0000	0.0000	0.0000
244.0000	4930.5771	992776.9858	24.5800	0.0000	0.0000	1.4210	18.3940	36.5228	0.0000	0.0000	0.0000
245.0000	4932.3120	992776.0356	24.6600	0.0000	0.0000	1.4210	18.3940	36.5356	0.0000	0.0000	0.0000
246.0000	4931.4010	992775.6247	24.6600	0.0000	0.0000	1.4210	18.3940	36.5289	0.0000	0.0000	0.0000
247.0000	4931.4010	992775.6247	24.6900	0.0000	0.0000	1.4210	18.3940	36.5289	0.0000	0.0000	0.0000
248.0000	4929.0161	992776.9727	24.7100	0.0000	0.0000	1.4210	18.3940	36.5112	0.0000	0.0000	0.0000
249.0000	4930.6641	992777.8300	24.6600	0.0000	0.0000	1.4210	18.3940	36.5119	0.0000	0.0000	0.0000
250.0000	4931.0326	992777.1339	24.7800	0.0000	0.0000	1.4210	18.3940	36.5262	0.0000	0.0000	0.0000
251.0000	4930.4363	992777.2906	24.7900	0.0000	0.0000	1.4210	18.3940	36.5218	0.0000	0.0000	0.0000
252.0000	4929.9271	992777.0747	24.7400	0.0000	0.0000	1.4210	18.3940	36.5180	0.0000	0.0000	0.0000
253.0000	4929.9271	992777.0747	24.7400	0.0000	0.0000	1.4210	18.3940	36.5180	0.0000	0.0000	0.0000
254.0000	4929.9808	992777.2441	24.7400	0.0000	0.0000	1.4210	18.3940	36.5184	0.0000	0.0000	0.0000
255.0000	4929.9808	992777.2441	24.7700	0.0000	0.0000	1.4210	18.3940	36.5184	0.0000	0.0000	0.0000
256.0000	4929.6123	992776.6196	24.7900	0.0000	0.0000	1.4210	18.3940	36.5156	0.0000	0.0000	0.0000
257.0000	4929.6123	992776.6196	24.7700	0.0000	0.0000	1.4210	18.3940	36.5156	0.0000	0.0000	0.0000
258.0000	4928.1921	992775.2914	24.8100	0.0000	0.0000	1.4210	18.3940	36.5051	0.0000	0.0000	0.0000
259.0000	4928.1921	992775.2914	24.8200	0.0000	0.0000	1.4210	18.3940	36.5051	0.0000	0.0000	0.0000
260.0000	4927.6829	992774.8714	24.8600	0.0000	0.0000	1.4210	18.3940	36.5014	0.0000	0.0000	0.0000
261.0000	4929.0161	992775.8223	24.8300	0.0000	0.0000	1.4120	18.3940	36.5112	0.0000	0.0000	0.0000
262.0000	4930.5771	992776.9291	24.8100	0.0000	0.0000	1.4210	18.3940	36.5228	0.0000	0.0000	0.0000
263.0000	4930.0678	992777.9812	24.8100	0.0000	0.0000	1.4210	18.3940	36.5190	0.0000	0.0000	0.0000
264.0000	4930.0678	992777.9812	24.7700	0.0000	0.0000	1.4210	18.3940	36.5190	0.0000	0.0000	0.0000
265.0000	4929.3846	992778.4148	24.8000	0.0000	0.0000	1.4210	18.3940	36.5140	0.0000	0.0000	0.0000
266.0000	4929.3846	992778.4148	24.8500	0.0000	0.0000	1.4210	18.3940	36.5140	0.0000	0.0000	0.0000
267.0000	4928.5606	992776.5440	24.9100	0.0000	0.0000	1.4210	18.3940	36.5079	0.0000	0.0000	0.0000
268.0000	4931.3141	992777.7333	24.8400	0.0000	0.0000	1.4210	18.3940	36.5283	0.0000	0.0000	0.0000
269.0000	4931.3141	992777.7333	24.8400	0.0000	0.0000	1.4210	18.3940	36.5283	0.0000	0.0000	0.0000
270.0000	4931.6288	992778.7564	24.8600	0.0000	0.0000	1.4210	18.3940	36.5306	0.0000	0.0000	0.0000
271.0000	4930.6103	992778.7363	24.8800	0.0000	0.0000	1.4210	18.3940	36.5230	0.0000	0.0000	0.0000
272.0000	4930.6103	992778.7363	24.8800	0.0000	0.0000	1.4210	18.3940	36.5230	0.0000	0.0000	0.0000
273.0000	4930.5771	992777.8113	24.8500	0.0000	0.0000	1.4210	18.3940	36.5228	0.0000	0.0000	0.0000
274.0000	4928.7884	992775.5552	24.8100	0.0000	0.0000	1.4210	18.3940	36.5095	0.0000	0.0000	0.0000
275.0000	4928.7884	992775.5552	24.8400	0.0000	0.0000	1.4210	18.3940	36.5095	0.0000	0.0000	0.0000
276.0000	4928.7884	992775.5552	24.8400	0.0000	0.0000	1.4210	18.3940	36.5095	0.0000	0.0000	0.0000
277.0000	4927.6829	992775.3647	24.8400	0.0000	0.0000	1.4210	18.3940	36.5014	0.0000	0.0000	0.0000
278.0000	4927.7367	992778.4718	24.8100	0.0000	0.0000	1.4210	18.3940	36.5018	0.0000	0.0000	0.0000
279.0000	4927.7367	992778.4718	24.8600	0.0000	0.0000	1.4210	18.3940	36.5018	0.0000	0.0000	0.0000
280.0000	4927.2274	992778.8093	24.8900	0.0000	0.0000	1.4210	18.3940	36.4980	0.0000	0.0000	0.0000
281.0000	4926.9127	992778.4415	24.8800	0.0000	0.0000	1.4210	18.3940	36.4956	0.0000	0.0000	0.0000
282.0000	4930.6641	992777.6842	24.9800	0.0000	0.0000	1.4210	18.3940	36.5234	0.0000	0.0000	0.0000
283.0000	4928.8754	992779.3744	24.9800	0.0000	0.0000	1.4210	18.3940	36.5102	0.0000	0.0000	0.0000
284.0000	4930.1216	992779.9030	25.0000	0.0000	0.0000	1.4210	18.3940	36.5194	0.0000	0.0000	0.0000
285.0000	4929.6123	992779.7371	24.9600	0.0000	0.0000	1.4210	18.3940	36.5156	0.0000	0.0000	0.0000
286.0000	4929.0161	992779.6081	24.8900	0.0000	0.0000	1.4210	18.3940	36.5112	0.0000	0.0000	0.0000
287.0000	4930.8918	992778.6547	24.9300	0.0000	0.0000	1.4210	18.3940	36.5251	0.0000	0.0000	0.0000
288.0000	4931.9435	992777.6289	24.9000	0.0000	0.0000	1.4210	18.3940	36.5329	0.0000	0.0000	0.0000
289.0000	4928.4199	992778.5501	24.9100	0.0000	0.0000	1.4210	18.3940	36.5068	0.0000	0.0000	0.0000
290.0000	4930.0678	992778.8734	24.8900	0.0000	0.0000	1.4210	18.3940	36.5190	0.0000	0.0000	0.0000
291.0000	4928.7884	992778.5466	24.8400	0.0000	0.0000	1.4210	18.3940	36.5140	0.0000	0.0000	0.0000
292.0000	4931.1733	992778.1097	24.9300	0.0000	0.0000	1.4210	18.3940	36.5272	0.0000	0.0000	0.0000
293.0000	4929.0161	992778.7714	24.9700	0.0000	0.0000	1.4210	18.3940	36.5112	0.0000	0.0000	0.0000
294.0000	4928.1384	992778.8763	24.9400	0.0000	0.0000	1.4210	18.3940	36.5047	0.0000	0.0000	0.0000
295.0000	4928.1921	992779.6141	24.9000	0.0000	0.0000	1.4210	18.3940	36.5051	0.0000	0.0000	0.0000
296.0000	4928.8754	992780.4306	24.9400	0.0000	0.0000	1.4210	18.3940	36.5102	0.0000	0.0000	0.0000
297.0000	4929.6993	992778.0145	24.9600	0.0000	0.0000	1.4210	18.3940	36.5163	0.0000	0.0000	0.0000
298.0000	4929.0161	992779.9707	24.9600	0.0000	0.0000	1.4210	18.3940	36.5112	0.0000	0.0000	0.0000
299.0000	4930.2086	992779.9488	25.0300	0.0000	0.0000	1.4210	18.3940	36.5201	0.0000	0.0000	0.0000
300.0000	4927.5959	992780.2531	25.0600	0.0000	0.0000	1.4210	18.3940	36.5007	0.0000	0.0000	0.0000
301.0000	4929.0161	992780.1632	24.9800	0.0000	0.0000	1.4210	18.3940	36.5112	0.0000	0.0000	0.0000
302.0000	4928.5606	992778.4442	24.9600	0.0000	0.0000	1.4210	18.3940	36.5079	0.0000	0.0000	0.0000
303.0000	4928.7346	992779.2269	24.9700	0.0000	0.0000	1.4210	18.3940	36.5091	0.0000	0.0000	0.0000
304.0000	4928.3329	992778.7728	25.0100	0.0000	0.0000	1.4210	18.3940	36.5062	0.0000	0.0000	0.0000
305.0000	4929.7531	992781.4760	24.9500	0.0000	0.0000	1.4210	18.3940	36.5167	0.0000	0.0000	0.0000
306.0000	4929.2439	992779.4127	24.9800	0.0000	0.0000	1.4210	18.3940	36.5129	0.0000	0.0000	0.0000
307.0000	4928.0514	992780.4059	25.0800	0.0000	0.0000	1.4210	18.3940	36.5041	0.0000	0.0000	0.0000
308.0000	4927.8236	992781.1719	25.0600	0.0000	0.0000	1.4210	18.3940	36.5024	0.0000	0.0000	0.0000
309.0000	4928.7884	992779.9898	25.0300	0.0000	0.0000	1.4210	18.3940	36.5095	0.0000	0.0000	0.0000
310.0000	4930.4363	992781.2513	24.9800	0.0000	0.0000	1.4210	18.3940	36.5218	0.0000	0.0000	0.0000
311.0000	4929.3846	992781.1956	24.9800	0.0000	0.0000	1.4210	18.3940	36.5140	0.0000	0.0000	0.0000
312.0000	4929.0161	992781.9925	25.0200	0.0000	0.0000	1.4210	18.3940	36.5112	0.0000	0.0000	0.0000
313.0000	4927.8236	992779.7766	25.0200	0.0000	0.0000	1.4210	18.3940	36.5024	0.0000	0.0000	0.0000
314.0000	4931.7695	992779.9255	25.0400	0.0000	0.0000	1.4210	18.3940	36.5316	0.0000	0.0000	0.0000
315.0000	4930.4363	992779.2590	24.9800	0.0000	0.0000	1.4210	18.3940	36.5218	0.0000	0.0000	0.0000
316.0000	4930.0678	992780.7834	25.0300	0.0000	0.0000	1.4210	18.3940	36.5190	0.0000	0.0000	0.0000
317.0000	4928.5069	992780.5281	25.0500	0.0000	0.0000	1.4210	18.3940	36.5075	0.0000	0.0000	0.0000
318.0000	4929.6123	992781.8063	25.0600	0.0000	0.0000	1.4210	18.3940	36.5156	0.0000	0.0000	0.0000
319.0000	4927.4552	992780.5399	25.0500	0.0000	0.0000	1.4210	18.3940	36.4997	0.0000	0.0000	0.0000
320.0000	4931.1195	992781.1998	25.0700	0.0000	0.0000	1.4120	18.3940	36.5268	0.0000	0.0000	0.0000
321.0000	4930.0678	992780.2997	25.1400	0.0000	0.0000	1.4210	18.3940	36.5190	0.0000	0.0000	0.0000
322.0000	4927.9644	992779.7438	25.1900	0.0000	0.0000	1.4210	18.3940	36.5034	0.0000	0.0000	0.0000
323.0000	4931.8565	992780.6855	25.1800	0.0000	0.0000	1.4210	18.3940	36.5323	0.0000	0.0000	0.0000
324.0000	4930.2086	992781.6091	25.0600	0.0000	0.0000	1.4210	18.3940	36.5201	0.0000	0.0000	0.0000
325.0000	4927.9644	992780.4734	25.0500	0.0000	0.0000	1.4210	18.3940	36.5034	0.0000	0.0000	0.0000
326.0000	4927.7367	992781.1310	25.1500	0.0000	0.0000	1.4210	18.3940	36.5018	0.0000	0.0000	0.0000
327.0000	4929.5254	992779.8807	25.1500	0.0000	0.0000	1.4210	18.3940	36.5150	0.0000	0.0000	0.0000
328.0000	4927.7699	992781.1497	25.0400	0.0000	0.0000	1.4210	18.3940	36.5020	0.0000	0.0000	0.0000
329.0000	4929.4716	992781.4614	25.0800	0.0000	0.0000	1.4210	18.3940	36.5146	0.0000	0.0000	0.0000
330.0000	4932.1380	992781.1849	25.2700	0.0000	0.0000	1.4210	18.3940	36.5344	0.0000	0.0000	0.0000
331.0000	4928.1921	992779.4949	25.1800	0.0000	0.0000	1.4210	18.3940	36.5051	0.0000	0.0000	0.0000
332.0000	4929.8401	992780.6495	25.1500	0.0000	0.0000	1.4210	18.3940	36.5173	0.0000	0.0000	0.0000
333.0000	4928.5069	992781.5553	25.2100	0.0000	0.0000	1.4210	18.3940	36.5075	0.0000	0.0000	0.0000
334.0000	4928.4199	992780.5121	25.1800	0.0000	0.0000	1.4210	18.3940	36.5068	0.0000	0.0000	0.0000
335.0000	4929.6123	992781.9117	25.2300	0.0000	0.0000	1.4210	18.3940	36.5156	0.0000	0.0000	0.0000
336.0000	4929.2439	992779.8562	25.1700	0.0000	0.0000	1.4210	18.3940	36.5129	0.0000	0.0000	0.0000
337.0000	4929.3846	992778.4775	25.1100	0.0000	0.0000	1.4210	18.3940	36.5140	0.0000	0.0000	0.0000
338.0000	4927.3682	992779.8936	25.1500	0.0000	0.0000	1.4210	18.3940	36.4990	0.0000	0.0000	0.0000
339.0000	4928.4199	992779.5861	25.1800	0.0000	0.0000	1.4210	18.3940	36.5068	0.0000	0.0000	0.0000
340.0000	4927.4552	992781.7946	25.1800	0.0000	0.0000	1.4210	18.3940	36.4997	0.0000	0.0000	0.0000
341.0000	4928.2791	992781.7452	25.1800	0.0000	0.0000	1.4210	18.3940	36.5079	0.0000	0.0000	0.0000
342.0000	4929.0161	992781.7148	25.1500	0.0000	0.0000	1.4210	18.3940	36.5112	0.0000	0.0000	0.0000
343.0000	4929.9271	992781.1833	25.1400	0.0000	0.0000	1.4210	18.3940	36.5180	0.0000	0.0000	0.0000
344.0000	4928.1384	992780.9844	25.1800	0.0000	0.0000	1.4210	18.3940	36.5047	0.0000	0.0000	0.0000
345.0000	4930.2956	992781.3587	25.2000	0.0000	0.0000	1.4210	18.3940	36.5207	0.0000	0.0000	0.0000
346.0000	4927.5959	992781.6362	25.1900	0.0000	0.0000	1.4210	18.3940	36.5007	0.0000	0.0000	0.0000
347.0000	4932.7675	992780.5704	25.1700	0.0000	0.0000	1.4210	18.3940	36.5390	0.0000	0.0000	0.0000
348.0000	4927.5959	992780.5830	25.2000	0.0000	0.0000	1.4210	18.3940	36.5007	0.0000	0.0000	0.0000
349.0000	4928.1921	992781.6766	25.2100	0.0000	0.0000	1.4210	18.3940	36.5051	0.0000	0.0000	0.0000
350.0000	4929.8401	992780.2076	25.2200	0.0000	0.0000	1.4210	18.3940	36.5173	0.0000	0.0000	0.0000
351.0000	4928.3329	992781.7591	25.2400	0.0000	0.0000	1.4210	18.3940	36.5062	0.0000	0.0000	0.0000
352.0000	4927.5959	992781.4059	25.2000	0.0000	0.0000	1.4210	18.3940	36.5007	0.0000	0.0000	0.0000
353.0000	4928.1384	992781.3718	25.2200	0.0000	0.0000	1.4210	18.3940	36.5047	0.0000	0.0000	0.0000
354.0000	4929.1569	992780.6395	25.2400	0.0000	0.0000	1.4210	18.3940	36.5123	0.0000	0.0000	0.0000
355.0000	4929.6123	992780.6233	25.2200	0.0000	0.0000	1.4210	18.3940	36.5156	0.0000	0.0000	0.0000
356.0000	4927.8236	992781.8596	25.2400	0.0000	0.0000	1.4210	18.3940	36.5024	0.0000	0.0000	0.0000
357.0000	4926.9997	992780.5407	25.2400	0.0000	0.0000	1.4210	18.3940	36.4963	0.0000	0.0000	0.0000
358.0000	4930.0678	992779.0704	25.2700	0.0000	0.0000	1.4210	18.3940	36.5190	0.0000	0.0000	0.0000
359.0000	4926.3164	992780.0543	25.2700	0.0000	0.0000	1.4210	18.3940	36.4912	0.0000	0.0000	0.0000
360.0000	4929.2439	992780.6235	25.2600	0.0000	0.0000	1.4210	18.3940	36.5129	0.0000	0.0000	0.0000
361.0000	4927.9644	992781.0906	25.2400	0.0000	0.0000	1.4210	18.3940	36.5034	0.0000	0.0000	0.0000
362.0000	4929.8401	992782.2463	25.2700	0.0000	0.0000	1.4210	18.3940	36.5173	0.0000	0.0000	0.0000
363.0000	4929.3846	992781.7861	25.3200	0.0000	0.0000	1.4210	18.3940	36.5140	0.0000	0.0000	0.0000
364.0000	4928.0514	992781.8033	25.2700	0.0000	0.0000	1.4210	18.3940	36.5041	0.0000	0.0000	0.0000
365.0000	4926.8589	992781.2273	25.1800	0.0000	0.0000	1.4210	18.3940	36.4953	0.0000	0.0000	0.0000
366.0000	4929.0161	992782.7034	25.2000	0.0000	0.0000	1.4210	18.3940	36.5112	0.0000	0.0000	0.0000
367.0000	4927.3682	992782.3509	25.2200	0.0000	0.0000	1.4210	18.3940	36.4990	0.0000	0.0000	0.0000
368.0000	4928.2791	992780.8543	25.2800	0.0000	0.0000	1.4210	18.3940	36.5058	0.0000	0.0000	0.0000
369.0000	4925.5795	992780.5903	25.3000	0.0000	0.0000	1.4210	18.3940	36.4858	0.0000	0.0000	0.0000
370.0000	4926.5442	992782.1977	25.2300	0.0000	0.0000	1.4210	18.3940	36.4929	0.0000	0.0000	0.0000
371.0000	4927.3682	992781.6756	25.2100	0.0000	0.0000	1.4210	18.3940	36.4990	0.0000	0.0000	0.0000
372.0000	4929.8401	992782.1286	25.2900	0.0000	0.0000	1.4210	18.3940	36.5173	0.0000	0.0000	0.0000
373.0000	4932.8213	992783.7408	25.3200	0.0000	0.0000	1.4210	18.3940	36.5394	0.0000	0.0000	0.0000
374.0000	4926.5442	992782.1273	25.3500	0.0000	0.0000	1.4210	18.3940	36.4929	0.0000	0.0000	0.0000
375.0000	4928.3329	992780.1628	25.3500	0.0000	0.0000	1.4210	18.3940	36.5062	0.0000	0.0000	0.0000
376.0000	4927.9644	992781.0120	25.3200	0.0000	0.0000	1.4210	18.3940	36.5034	0.0000	0.0000	0.0000
377.0000	4926.9997	992781.9890	25.3300	0.0000	0.0000	1.4210	18.3940	36.4963	0.0000	0.0000	0.0000
378.0000	4927.9644	992781.9931	25.3000	0.0000	0.0000	1.4210	18.3940	36.5034	0.0000	0.0000	0.0000
379.0000	4928.0514	992783.1793	25.3500	0.0000	0.0000	1.4210	18.3940	36.5041	0.0000	0.0000	0.0000
380.0000	4926.4034	992782.0210	25.3100	0.0000	0.0000	1.4210	18.3940	36.4919	0.0000	0.0000	0.0000
381.0000	4928.0514	992782.3101	25.2700	0.0000	0.0000	1.4210	18.3940	36.5041	0.0000	0.0000	0.0000
382.0000	4930.6641	992782.1474	25.3200	0.0000	0.0000	1.4210	18.3940	36.5234	0.0000	0.0000	0.0000
383.0000	4928.4736	992781.6936	25.4400	0.0000	0.0000	1.4210	18.3940	36.5072	0.0000	0.0000	0.0000
384.0000	4926.1757	992780.8922	25.4600	0.0000	0.0000	1.4210	18.3940	36.4902	0.0000	0.0000	0.0000
385.0000	4930.4363	992782.5096	25.4200	0.0000	0.0000	1.4210	18.3940	36.5218	0.0000	0.0000	0.0000
386.0000	4925.7202	992781.5559	25.2800	0.0000	0.0000	1.4210	18.3940	36.4868	0.0000	0.0000	0.0000
387.0000	4927.9644	992782.5957	25.3900	0.0000	0.0000	1.4210	18.3940	36.5034	0.0000	0.0000	0.0000
388.0000	4928.6476	992782.6537	25.4300	0.0000	0.0000	1.4210	18.3940	36.5085	0.0000	0.0000	0.0000
389.0000	4930.0678	992782.7851	25.4100	0.0000	0.0000	1.4210	18.3940	36.5190	0.0000	0.0000	0.0000
390.0000	4929.7531	992783.3866	25.3200	0.0000	0.0000	1.4210	18.3940	36.5167	0.0000	0.0000	0.0000
391.0000	4928.6476	992782.4722	25.3400	0.0000	0.0000	1.4210	18.3940	36.5150	0.0000	0.0000	0.0000
392.0000	4926.0349	992782.6993	25.4400	0.0000	0.0000	1.4210	18.3940	36.4891	0.0000	0.0000	0.0000
393.0000	4929.2439	992781.6117	25.4500	0.0000	0.0000	1.4210	18.3940	36.5129	0.0000	0.0000	0.0000
394.0000	4928.7014	992781.8787	25.4600	0.0000	0.0000	1.4210	18.3940	36.5089	0.0000	0.0000	0.0000
395.0000	4928.0514	992782.8081	25.4600	0.0000	0.0000	1.4210	18.3940	36.5041	0.0000	0.0000	0.0000
396.0000	4930.3493	992782.1341	25.4400	0.0000	0.0000	1.4210	18.3940	36.5163	0.0000	0.0000	0.0000
397.0000	4931.6288	992782.4126	25.4600	0.0000	0.0000	1.4210	18.3940	36.5306	0.0000	0.0000	0.0000
398.0000	4927.3144	992783.8222	25.5000	0.0000	0.0000	1.4210	18.3940	36.4986	0.0000	0.0000	0.0000
399.0000	4928.0514	992783.0486	25.5200	0.0000	0.0000	1.4210	18.3940	36.5041	0.0000	0.0000	0.0000
400.0000	4929.0161	992782.4301	25.4800	0.0000	0.0000	1.4210	18.3940	36.5112	0.0000	0.0000	0.0000
401.0000	4928.8754	992782.4536	25.3800	0.0000	0.0000	1.4210	18.3940	36.5102	0.0000	0.0000	0.0000
402.0000	4928.5606	992782.3100	25.3800	0.0000	0.0000	1.4210	18.3940	36.5079	0.0000	0.0000	0.0000
403.0000	4929.1569	992783.1237	25.4600	0.0000	0.0000	1.4210	18.3940	36.5123	0.0000	0.0000	0.0000
404.0000	4928.8754	992782.5822	25.4000	0.0000	0.0000	1.4210	18.3940	36.5102	0.0000	0.0000	0.0000
405.0000	4929.3308	992782.1831	25.3400	0.0000	0.0000	1.4210	18.3940	36.5136	0.0000	0.0000	0.0000
406.0000	4927.5959	992783.3239	25.3400	0.0000	0.0000	1.4210	18.3940	36.5007	0.0000	0.0000	0.0000
407.0000	4929.1569	992781.8178	25.3900	0.0000	0.0000	1.4210	18.3940	36.5123	0.0000	0.0000	0.0000
408.0000	4928.7884	992782.8773	25.4300	0.0000	0.0000	1.4210	18.3940	36.5095	0.0000	0.0000	0.0000
409.0000	4926.5442	992783.0494	25.4000	0.0000	0.0000	1.4210	18.3940	36.4973	0.0000	0.0000	0.0000
410.0000	4928.7884	992783.7332	25.4600	0.0000	0.0000	1.4210	18.3940	36.5095	0.0000	0.0000	0.0000
411.0000	4928.1921	992782.9952	25.5100	0.0000	0.0000	1.4210	18.3940	36.5051	0.0000	0.0000	0.0000
412.0000	4929.2439	992781.8267	25.5600	0.0000	0.0000	1.4210	18.3940	36.5129	0.0000	0.0000	0.0000
413.0000	4927.5959	992782.3315	25.5300	0.0000	0.0000	1.4210	18.3940	36.5007	0.0000	0.0000	0.0000
414.0000	4929.3846	992781.3200	25.4600	0.0000	0.0000	1.4210	18.3940	36.5140	0.0000	0.0000	0.0000
415.0000	4928.2791	992782.3082	25.4300	0.0000	0.0000	1.4210	18.3940	36.5058	0.0000	0.0000	0.0000
416.0000	4931.7158	992780.8367	25.5500	0.0000	0.0000	1.4210	18.3940	36.5312	0.0000	0.0000	0.0000
417.0000	4929.7531	992781.9838	25.5500	0.0000	0.0000	1.4210	18.3940	36.5167	0.0000	0.0000	0.0000
418.0000	4929.9808	992782.0367	25.4800	0.0000	0.0000	1.4210	18.3940	36.5184	0.0000	0.0000	0.0000
419.0000	4928.9291	992781.4782	25.5100	0.0000	0.0000	1.4210	18.3940	36.5106	0.0000	0.0000	0.0000
420.0000	4927.5959	992782.8123	25.5700	0.0000	0.0000	1.4210	18.3940	36.5007	0.0000	0.0000	0.0000
421.0000	4926.5442	992783.7556	25.5800	0.0000	0.0000	1.4210	18.3940	36.4929	0.0000	0.0000	0.0000
422.0000	4926.4034	992781.9179	25.5100	0.0000	0.0000	1.4210	18.3940	36.4919	0.0000	0.0000	0.0000
423.0000	4927.3682	992782.1661	25.5000	0.0000	0.0000	1.4210	18.3940	36.4990	0.0000	0.0000	0.0000
424.0000	4930.5771	992781.6435	25.5100	0.0000	0.0000	1.4210	18.3940	36.5228	0.0000	0.0000	0.0000
425.0000	4928.1921	992782.3600	25.5200	0.0000	0.0000	1.4210	18.3940	36.5051	0.0000	0.0000	0.0000
426.0000	4928.5606	992782.6692	25.4900	0.0000	0.0000	1.4210	18.3940	36.5079	0.0000	0.0000	0.0000
427.0000	4926.9997	992782.6906	25.4800	0.0000	0.0000	1.4210	18.3940	36.4963	0.0000	0.0000	0.0000
428.0000	4928.6476	992781.1517	25.5000	0.0000	0.0000	1.4210	18.3940	36.5085	0.0000	0.0000	0.0000
429.0000	4925.3517	992781.4948	25.5500	0.0000	0.0000	1.4210	18.3940	36.4841	0.0000	0.0000	0.0000
430.0000	4928.9624	992780.8875	25.5400	0.0000	0.0000	1.4210	18.3940	36.5108	0.0000	0.0000	0.0000
431.0000	4927.3682	992781.4566	25.5500	0.0000	0.0000	1.4210	18.3940	36.4990	0.0000	0.0000	0.0000
432.0000	4927.3682	992780.9591	25.6100	0.0000	0.0000	1.4210	18.3940	36.4990	0.0000	0.0000	0.0000
433.0000	4929.2439	992781.8066	25.5500	0.0000	0.0000	1.4210	18.3940	36.5129	0.0000	0.0000	0.0000
434.0000	4928.7884	992782.9952	25.4800	0.0000	0.0000	1.4210	18.3940	36.5095	0.0000	0.0000	0.0000
435.0000	4931.8565	992781.5046	25.5200	0.0000	0.0000	1.4210	18.3940	36.5323	0.0000	0.0000	0.0000
436.0000	4930.5771	992781.0732	25.6100	0.0000	0.0000	1.4210	18.3940	36.5228	0.0000	0.0000	0.0000
437.0000	4926.4034	992782.0785	25.6000	0.0000	0.0000	1.4210	18.3940	36.4919	0.0000	0.0000	0.0000
438.0000	4926.7719	992782.6124	25.6000	0.0000	0.0000	1.4210	18.3940	36.4946	0.0000	0.0000	0.0000
439.0000	4928.6476	992780.7576	25.6700	0.0000	0.0000	1.4210	18.3940	36.5085	0.0000	0.0000	0.0000
440.0000	4927.5959	992781.5932	25.5900	0.0000	0.0000	1.4210	18.3940	36.5007	0.0000	0.0000	0.0000
441.0000	4928.5606	992781.3833	25.5000	0.0000	0.0000	1.4210	18.3940	36.5079	0.0000	0.0000	0.0000
442.0000	4931.1733	992782.0976	25.5200	0.0000	0.0000	1.4210	18.3940	36.5272	0.0000	0.0000	0.0000
443.0000	4931.5750	992780.6775	25.5700	0.0000	0.0000	1.4210	18.3940	36.5302	0.0000	0.0000	0.0000
444.0000	4928.0514	992781.4364	25.6100	0.0000	0.0000	1.4210	18.3940	36.5041	0.0000	0.0000	0.0000
445.0000	4929.1569	992781.9844	25.5200	0.0000	0.0000	1.4210	18.3940	36.5123	0.0000	0.0000	0.0000
446.0000	4927.0867	992780.1375	25.5800	0.0000	0.0000	1.4210	18.3940	36.4969	0.0000	0.0000	0.0000
447.0000	4927.0867	992781.4070	25.6100	0.0000	0.0000	1.4210	18.3940	36.4969	0.0000	0.0000	0.0000
448.0000	4928.0514	992782.6602	25.5400	0.0000	0.0000	1.4210	18.3940	36.5041	0.0000	0.0000	0.0000
449.0000	4926.5442	992781.6247	25.5000	0.0000	0.0000	1.4210	18.3940	36.4929	0.0000	0.0000	0.0000
450.0000	4928.7884	992780.8396	25.6100	0.0000	0.0000	1.4210	18.3940	36.5095	0.0000	0.0000	0.0000
451.0000	4926.2627	992781.9697	25.6100	0.0000	0.0000	1.4210	18.3940	36.4908	0.0000	0.0000	0.0000
452.0000	4924.1593	992780.2080	25.5400	0.0000	0.0000	1.4210	18.3940	36.4753	0.0000	0.0000	0.0000
453.0000	4926.6312	992780.9129	25.6400	0.0000	0.0000	1.4210	18.3940	36.4936	0.0000	0.0000	0.0000
454.0000	4925.9480	992782.0277	25.5800	0.0000	0.0000	1.4210	18.3940	36.4885	0.0000	0.0000	0.0000
455.0000	4929.9808	992781.2775	25.5000	0.0000	0.0000	1.4210	18.3940	36.5184	0.0000	0.0000	0.0000
456.0000	4926.9997	992781.6884	25.4800	0.0000	0.0000	1.4210	18.3940	36.4963	0.0000	0.0000	0.0000
457.0000	4929.1569	992780.8736	25.5400	0.0000	0.0000	1.4210	18.3940	36.5123	0.0000	0.0000	0.0000
458.0000	4928.9291	992781.1597	25.6100	0.0000	0.0000	1.4210	18.3940	36.5106	0.0000	0.0000	0.0000
459.0000	4926.0349	992781.8954	25.6100	0.0000	0.0000	1.4210	18.3940	36.4891	0.0000	0.0000	0.0000
460.0000	4926.9997	992780.9129	25.6100	0.0000	0.0000	1.4210	18.3940	36.4963	0.0000	0.0000	0.0000
461.0000	4928.2791	992780.5898	25.6300	0.0000	0.0000	1.4210	18.3940	36.5058	0.0000	0.0000	0.0000
462.0000	4928.0514	992781.4912	25.6000	0.0000	0.0000	1.4210	18.3940	36.5041	0.0000	0.0000	0.0000
463.0000	4926.9997	992781.4522	25.5600	0.0000	0.0000	1.4210	18.3940	36.4963	0.0000	0.0000	0.0000
464.0000	4927.9644	992780.4887	25.6100	0.0000	0.0000	1.4210	18.3940	36.5034	0.0000	0.0000	0.0000
465.0000	4926.5442	992781.0260	25.6700	0.0000	0.0000	1.4210	18.3940	36.4929	0.0000	0.0000	0.0000
466.0000	4925.2647	992781.0649	25.6400	0.0000	0.0000	1.4210	18.3940	36.4834	0.0000	0.0000	0.0000
467.0000	4928.5606	992780.9675	25.6400	0.0000	0.0000	1.4210	18.3940	36.5079	0.0000	0.0000	0.0000
468.0000	4927.8236	992781.1843	25.6300	0.0000	0.0000	1.4210	18.3940	36.5024	0.0000	0.0000	0.0000
469.0000	4928.5606	992781.4020	25.7000	0.0000	0.0000	1.4210	18.3940	36.5079	0.0000	0.0000	0.0000
470.0000	4926.4904	992781.2686	25.7200	0.0000	0.0000	1.4210	18.3940	36.4925	0.0000	0.0000	0.0000
471.0000	4930.1216	992780.4034	25.6400	0.0000	0.0000	1.4210	18.3940	36.5194	0.0000	0.0000	0.0000
472.0000	4927.3682	992780.9286	25.5300	0.0000	0.0000	1.4210	18.3940	36.4990	0.0000	0.0000	0.0000
473.0000	4927.4552	992781.3387	25.5600	0.0000	0.0000	1.4210	18.3940	36.4997	0.0000	0.0000	0.0000
474.0000	4928.3329	992780.6519	25.6800	0.0000	0.0000	1.4210	18.3940	36.5062	0.0000	0.0000	0.0000
475.0000	4927.7367	992780.7892	25.6800	0.0000	0.0000	1.4210	18.3940	36.5018	0.0000	0.0000	0.0000
476.0000	4929.6661	992782.5525	25.6400	0.0000	0.0000	1.4210	18.3940	36.5160	0.0000	0.0000	0.0000
477.0000	4927.8236	992780.8147	25.6200	0.0000	0.0000	1.4210	18.3940	36.5024	0.0000	0.0000	0.0000
478.0000	4926.5442	992781.4668	25.6400	0.0000	0.0000	1.4210	18.3940	36.4929	0.0000	0.0000	0.0000
479.0000	4928.1921	992780.8592	25.6500	0.0000	0.0000	1.4210	18.3940	36.5051	0.0000	0.0000	0.0000
480.0000	4926.7719	992780.1680	25.6500	0.0000	0.0000	1.4210	18.3940	36.4946	0.0000	0.0000	0.0000
481.0000	4930.4363	992782.1711	25.6300	0.0000	0.0000	1.4210	18.3940	36.5218	0.0000	0.0000	0.0000
482.0000	4926.5442	992781.0890	25.6800	0.0000	0.0000	1.4210	18.3940	36.4929	0.0000	0.0000	0.0000
483.0000	4928.1051	992781.5892	25.6800	0.0000	0.0000	1.4210	18.3940	36.5045	0.0000	0.0000	0.0000
484.0000	4926.3164	992781.8629	25.6600	0.0000	0.0000	1.4210	18.3940	36.4912	0.0000	0.0000	0.0000
485.0000	4927.2274	992783.8006	25.7000	0.0000	0.0000	1.4210	18.3940	36.4980	0.0000	0.0000	0.0000
486.0000	4929.0161	992780.2652	25.7000	0.0000	0.0000	1.4210	18.3940	36.5112	0.0000	0.0000	0.0000
487.0000	4929.4178	992797.2207	25.7800	0.0000	0.0000	1.4210	18.3940	36.5142	0.0000	0.0000	0.0000
488.0000	4941.6035	992880.9906	25.8000	0.0000	0.0000	1.4210	18.3940	36.6045	0.0000	0.0000	0.0000
489.0000	4941.5165	992881.0410	25.6400	0.0000	0.0000	1.4210	18.3940	36.6038	0.0000	0.0000	0.0000
490.0000	4938.6223	992882.2291	25.5500	0.0000	0.0000	1.4210	18.3940	36.5824	0.0000	0.0000	0.0000
491.0000	4939.5000	992881.6107	25.4600	0.0000	0.0000	1.4210	18.3940	36.5889	0.0000	0.0000	0.0000
492.0000	4938.1668	992882.7179	25.4200	0.0000	0.0000	1.4210	18.3940	36.5790	0.0000	0.0000	0.0000
493.0000	4938.0798	992882.3303	25.4400	0.0000	0.0000	1.4210	18.3940	36.5784	0.0000	0.0000	0.0000
494.0000	4942.1997	992881.7056	25.4500	0.0000	0.0000	1.4210	18.3940	36.6089	0.0000	0.0000	0.0000
495.0000	4939.1315	992882.2787	25.3700	0.0000	0.0000	1.4210	18.3940	36.5862	0.0000	0.0000	0.0000
496.0000	4940.3240	992882.8640	25.3100	0.0000	0.0000	1.4210	18.3940	36.5950	0.0000	0.0000	0.0000
497.0000	4937.5706	992883.0281	25.3900	0.0000	0.0000	1.4210	18.3940	36.5746	0.0000	0.0000	0.0000
498.0000	4940.5518	992882.1303	25.0400	0.0000	0.0000	1.4210	18.3940	36.5967	0.0000	0.0000	0.0000
499.0000	4940.6925	992882.1594	24.0000	0.0000	0.0000	1.4210	18.3940	36.5977	0.0000	0.0000	0.0000
500.0000	4940.7795	992882.6209	22.8200	0.0000	0.0000	1.4210	18.3940	36.5984	0.0000	0.0000	0.0000
501.0000	4940.6387	992882.3221	22.4700	0.0000	0.0000	1.4210	18.3940	36.5973	0.0000	0.0000	0.0000
502.0000	4940.7795	992882.2398	22.6400	0.0000	0.0000	1.4210	18.3940	36.5984	0.0000	0.0000	0.0000
503.0000	4941.3757	992882.8860	23.0800	0.0000	0.0000	1.4210	18.3940	36.6028	0.0000	0.0000	0.0000
504.0000	4940.5518	992881.8759	23.1400	0.0000	0.0000	1.4210	18.3940	36.5967	0.0000	0.0000	0.0000
505.0000	4939.5000	992881.2204	23.1500	0.0000	0.0000	1.4210	18.3940	36.5889	0.0000	0.0000	0.0000
506.0000	4940.4648	992881.5161	23.2300	0.0000	0.0000	1.4210	18.3940	36.5960	0.0000	0.0000	0.0000
507.0000	4939.1315	992882.2666	23.3100	0.0000	0.0000	1.4210	18.3940	36.5862	0.0000	0.0000	0.0000
508.0000	4942.7959	992882.8370	23.3800	0.0000	0.0000	1.4210	18.3940	36.6133	0.0000	0.0000	0.0000
509.0000	4939.3593	992881.8027	23.3700	0.0000	0.0000	1.4210	18.3940	36.5878	0.0000	0.0000	0.0000
510.0000	4941.0610	992882.0131	23.3200	0.0000	0.0000	1.4210	18.3940	36.6005	0.0000	0.0000	0.0000
511.0000	4940.3240	992882.4812	23.2900	0.0000	0.0000	1.4210	18.3940	36.5950	0.0000	0.0000	0.0000
512.0000	4941.3757	992882.6340	23.3000	0.0000	0.0000	1.4210	18.3940	36.6028	0.0000	0.0000	0.0000
513.0000	4938.9038	992882.0075	23.3400	0.0000	0.0000	1.4210	18.3940	36.5845	0.0000	0.0000	0.0000
514.0000	4941.0610	992882.4491	23.4000	0.0000	0.0000	1.4210	18.3940	36.6005	0.0000	0.0000	0.0000
515.0000	4940.1833	992882.9827	23.4700	0.0000	0.0000	1.4210	18.3940	36.5940	0.0000	0.0000	0.0000
516.0000	4939.0446	992881.7674	23.5500	0.0000	0.0000	1.4210	18.3940	36.5855	0.0000	0.0000	0.0000
517.0000	4940.4648	992882.7815	23.6600	0.0000	0.0000	1.4210	18.3940	36.5960	0.0000	0.0000	0.0000
518.0000	4939.8685	992881.4826	23.7200	0.0000	0.0000	1.4210	18.3940	36.5916	0.0000	0.0000	0.0000
519.0000	4939.0446	992881.9851	23.6300	0.0000	0.0000	1.4210	18.3940	36.5855	0.0000	0.0000	0.0000
520.0000	4943.1644	992882.0358	23.4100	0.0000	0.0000	1.4210	18.3940	36.6160	0.0000	0.0000	0.0000
521.0000	4938.5353	992882.7764	23.1300	0.0000	0.0000	1.4210	18.3940	36.5817	0.0000	0.0000	0.0000
522.0000	4938.6761	992882.5382	23.2000	0.0000	0.0000	1.4210	18.3940	36.5828	0.0000	0.0000	0.0000
523.0000	4939.2723	992882.7260	23.7000	0.0000	0.0000	1.4210	18.3940	36.5872	0.0000	0.0000	0.0000
524.0000	4939.3593	992882.9254	24.1700	0.0000	0.0000	1.4210	18.3940	36.5878	0.0000	0.0000	0.0000
525.0000	4938.1668	992883.6065	23.8900	0.0000	0.0000	1.4210	18.3940	36.5790	0.0000	0.0000	0.0000
526.0000	4940.5518	992882.5471	23.4000	0.0000	0.0000	1.4210	18.3940	36.5967	0.0000	0.0000	0.0000
527.0000	4940.5518	992882.9579	23.2600	0.0000	0.0000	1.4210	18.3940	36.5967	0.0000	0.0000	0.0000
528.0000	4939.9555	992883.4623	23.2000	0.0000	0.0000	1.4210	18.3940	36.5923	0.0000	0.0000	0.0000
529.0000	4938.5353	992882.9155	23.1600	0.0000	0.0000	1.4210	18.3940	36.5817	0.0000	0.0000	0.0000
530.0000	4941.2350	992882.5986	23.1900	0.0000	0.0000	1.4210	18.3940	36.6017	0.0000	0.0000	0.0000
531.0000	4940.1833	992882.8580	23.1900	0.0000	0.0000	1.4210	18.3940	36.5940	0.0000	0.0000	0.0000
532.0000	4941.1480	992881.8990	23.2800	0.0000	0.0000	1.4210	18.3940	36.6011	0.0000	0.0000	0.0000
533.0000	4938.9908	992885.3917	23.3200	0.0000	0.0000	1.4210	18.3940	36.5851	0.0000	0.0000	0.0000
534.0000	4940.9203	992884.1385	23.3700	0.0000	0.0000	1.4210	18.3940	36.5994	0.0000	0.0000	0.0000
535.0000	4940.5518	992886.1731	23.4400	0.0000	0.0000	1.4210	18.3940	36.5967	0.0000	0.0000	0.0000
536.0000	4938.9038	992885.0320	23.4100	0.0000	0.0000	1.4210	18.3940	36.5845	0.0000	0.0000	0.0000
537.0000	4939.3593	992885.2432	23.4600	0.0000	0.0000	1.4210	18.3940	36.5878	0.0000	0.0000	0.0000
538.0000	4940.5518	992884.1247	23.5400	0.0000	0.0000	1.4210	18.3940	36.5967	0.0000	0.0000	0.0000
539.0000	4942.1127	992885.1055	23.5000	0.0000	0.0000	1.4210	18.3940	36.6082	0.0000	0.0000	0.0000
540.0000	4938.9038	992885.1701	23.4600	0.0000	0.0000	1.4210	18.3940	36.5845	0.0000	0.0000	0.0000
541.0000	4939.3593	992884.8831	23.4700	0.0000	0.0000	1.4210	18.3940	36.5878	0.0000	0.0000	0.0000
542.0000	4939.8685	992885.1735	23.3300	0.0000	0.0000	1.4210	18.3940	36.5916	0.0000	0.0000	0.0000
543.0000	4939.0446	992885.0358	23.3400	0.0000	0.0000	1.4210	18.3940	36.5855	0.0000	0.0000	0.0000
544.0000	4939.8685	992884.0600	23.4900	0.0000	0.0000	1.4210	18.3940	36.5916	0.0000	0.0000	0.0000
545.0000	4940.9203	992885.8838	23.4300	0.0000	0.0000	1.4210	18.3940	36.5994	0.0000	0.0000	0.0000
546.0000	4938.5353	992885.9944	23.2200	0.0000	0.0000	1.4210	18.3940	36.5817	0.0000	0.0000	0.0000
547.0000	4937.8521	992885.4596	23.0900	0.0000	0.0000	1.4210	18.3940	36.5767	0.0000	0.0000	0.0000
548.0000	4938.3946	992885.5626	23.0500	0.0000	0.0000	1.4210	18.3940	36.5807	0.0000	0.0000	0.0000
549.0000	4939.2723	992885.8092	22.8300	0.0000	0.0000	1.4210	18.3940	36.5872	0.0000	0.0000	0.0000
550.0000	4939.9555	992885.3998	22.7100	0.0000	0.0000	1.4210	18.3940	36.5923	0.0000	0.0000	0.0000
551.0000	4937.6244	992885.8676	22.8100	0.0000	0.0000	1.4210	18.3940	36.5750	0.0000	0.0000	0.0000
552.0000	4938.9038	992885.1943	22.8600	0.0000	0.0000	1.4210	18.3940	36.5845	0.0000	0.0000	0.0000
553.0000	4940.4648	992885.0807	22.9800	0.0000	0.0000	1.4210	18.3940	36.5960	0.0000	0.0000	0.0000
554.0000	4940.0963	992885.3315	22.9700	0.0000	0.0000	1.4210	18.3940	36.5933	0.0000	0.0000	0.0000
555.0000	4939.2723	992886.1113	22.9000	0.0000	0.0000	1.4210	18.3940	36.5872	0.0000	0.0000	0.0000
556.0000	4939.7278	992886.2137	22.9300	0.0000	0.0000	1.4210	18.3940	36.5906	0.0000	0.0000	0.0000